19 -1 3 -1 22 -1 #SUP: 263 #DPOWER: 0.974
3 -1 22 -1 22 -1 #SUP: 257 #DPOWER: 0.990
3 -1 22 -1 22 -1 19 -1 #SUP: 248 #DPOWER: 0.991
3 -1 22 -1 22 -1 21 -1 #SUP: 242 #DPOWER: 0.989
3 -1 22 -1 3 -1 #SUP: 246 #DPOWER: 0.990
3 -1 22 -1 3 -1 22 -1 #SUP: 245 #DPOWER: 0.990
21 -1 19 -1 19 -1 21 -1 19 -1 19 -1 21 -1 19 -1 19 -1 #SUP: 245 #DPOWER: 0.990
19 -1 3 -1 22 -1 19 -1 #SUP: 257 #DPOWER: 0.994
3 -1 22 -1 19 -1 22 -1 #SUP: 242 #DPOWER: 0.989
3 -1 22 -1 19 -1 19 -1 #SUP: 245 #DPOWER: 0.990
3 -1 22 -1 21 -1 19 -1 #SUP: 255 #DPOWER: 0.993
3 -1 22 -1 21 -1 22 -1 #SUP: 244 #DPOWER: 0.990
3 -1 22 -1 21 -1 19 -1 19 -1 #SUP: 244 #DPOWER: 0.990
3 -1 3 -1 #SUP: 250 #DPOWER: 0.992
3 -1 3 -1 22 -1 #SUP: 249 #DPOWER: 0.991
3 -1 19 -1 22 -1 #SUP: 247 #DPOWER: 0.991
22 -1 19 -1 19 -1 22 -1 21 -1 #SUP: 243 #DPOWER: 0.989
3 -1 19 -1 19 -1 #SUP: 248 #DPOWER: 0.991
3 -1 19 -1 19 -1 19 -1 #SUP: 242 #DPOWER: 0.989
3 -1 21 -1 22 -1 #SUP: 247 #DPOWER: 0.991
3 -1 21 -1 19 -1 22 -1 #SUP: 244 #DPOWER: 0.990
3 -1 21 -1 19 -1 19 -1 #SUP: 247 #DPOWER: 0.991
19 -1 22 -1 22 -1 #SUP: 265 #DPOWER: 0.943
19 -1 22 -1 22 -1 22 -1 #SUP: 259 #DPOWER: 0.983
19 -1 22 -1 22 -1 22 -1 22 -1 #SUP: 244 #DPOWER: 0.990
19 -1 21 -1 19 -1 21 -1 19 -1 19 -1 19 -1 21 -1 19 -1 #SUP: 249 #DPOWER: 0.991
19 -1 22 -1 22 -1 22 -1 19 -1 #SUP: 250 #DPOWER: 0.988
22 -1 21 -1 21 -1 19 -1 21 -1 19 -1 #SUP: 254 #DPOWER: 0.993
19 -1 22 -1 22 -1 3 -1 #SUP: 244 #DPOWER: 0.990
19 -1 19 -1 19 -1 21 -1 19 -1 21 -1 19 -1 19 -1 19 -1 19 -1 #SUP: 248 #DPOWER: 0.991
19 -1 22 -1 22 -1 3 -1 22 -1 #SUP: 242 #DPOWER: 0.989
19 -1 22 -1 22 -1 19 -1 #SUP: 263 #DPOWER: 0.985
19 -1 22 -1 22 -1 19 -1 22 -1 #SUP: 251 #DPOWER: 0.992
19 -1 21 -1 21 -1 19 -1 19 -1 19 -1 19 -1 19 -1 #SUP: 253 #DPOWER: 0.993
19 -1 22 -1 22 -1 19 -1 19 -1 #SUP: 254 #DPOWER: 0.993
19 -1 22 -1 22 -1 19 -1 19 -1 19 -1 #SUP: 251 #DPOWER: 0.992
19 -1 22 -1 22 -1 21 -1 19 -1 #SUP: 257 #DPOWER: 0.990
19 -1 22 -1 22 -1 21 -1 22 -1 #SUP: 248 #DPOWER: 0.991
19 -1 19 -1 19 -1 19 -1 19 -1 3 -1 #SUP: 250 #DPOWER: 0.992
19 -1 22 -1 22 -1 21 -1 19 -1 22 -1 #SUP: 244 #DPOWER: 0.990
22 -1 21 -1 19 -1 19 -1 19 -1 19 -1 19 -1 19 -1 19 -1 #SUP: 248 #DPOWER: 0.991
19 -1 22 -1 22 -1 21 -1 19 -1 19 -1 #SUP: 249 #DPOWER: 0.991
19 -1 22 -1 22 -1 21 -1 19 -1 19 -1 19 -1 #SUP: 243 #DPOWER: 0.989
19 -1 22 -1 3 -1 22 -1 #SUP: 255 #DPOWER: 0.986
19 -1 22 -1 3 -1 22 -1 22 -1 #SUP: 247 #DPOWER: 0.991
19 -1 22 -1 3 -1 22 -1 19 -1 #SUP: 249 #DPOWER: 0.991
19 -1 19 -1 19 -1 21 -1 19 -1 19 -1 19 -1 19 -1 19 -1 #SUP: 252 #DPOWER: 0.992
19 -1 22 -1 19 -1 19 -1 #SUP: 268 #DPOWER: 0.987
19 -1 22 -1 19 -1 22 -1 #SUP: 264 #DPOWER: 0.982
19 -1 22 -1 19 -1 22 -1 22 -1 #SUP: 254 #DPOWER: 0.989
21 -1 22 -1 22 -1 19 -1 #SUP: 251 #DPOWER: 0.992
19 -1 22 -1 19 -1 22 -1 22 -1 19 -1 #SUP: 244 #DPOWER: 0.990
19 -1 22 -1 19 -1 22 -1 19 -1 #SUP: 259 #DPOWER: 0.995
19 -1 22 -1 19 -1 22 -1 19 -1 19 -1 #SUP: 243 #DPOWER: 0.989
19 -1 22 -1 19 -1 22 -1 21 -1 19 -1 #SUP: 249 #DPOWER: 0.991
19 -1 22 -1 19 -1 3 -1 22 -1 #SUP: 253 #DPOWER: 0.989
19 -1 22 -1 19 -1 3 -1 22 -1 19 -1 #SUP: 244 #DPOWER: 0.990
19 -1 22 -1 19 -1 3 -1 19 -1 #SUP: 245 #DPOWER: 0.990
19 -1 21 -1 19 -1 19 -1 19 -1 3 -1 #SUP: 248 #DPOWER: 0.991
19 -1 21 -1 21 -1 19 -1 22 -1 21 -1 19 -1 #SUP: 242 #DPOWER: 0.989
19 -1 22 -1 19 -1 19 -1 22 -1 #SUP: 260 #DPOWER: 0.995
19 -1 22 -1 19 -1 19 -1 22 -1 22 -1 #SUP: 242 #DPOWER: 0.989
19 -1 22 -1 19 -1 19 -1 22 -1 19 -1 #SUP: 250 #DPOWER: 0.992
19 -1 22 -1 19 -1 19 -1 3 -1 #SUP: 249 #DPOWER: 0.991
19 -1 22 -1 19 -1 19 -1 3 -1 22 -1 #SUP: 246 #DPOWER: 0.990
19 -1 22 -1 19 -1 19 -1 19 -1 #SUP: 266 #DPOWER: 0.993
19 -1 22 -1 19 -1 19 -1 19 -1 22 -1 #SUP: 252 #DPOWER: 0.992
19 -1 22 -1 19 -1 19 -1 19 -1 19 -1 #SUP: 259 #DPOWER: 0.991
19 -1 22 -1 19 -1 19 -1 19 -1 19 -1 22 -1 #SUP: 251 #DPOWER: 0.992
19 -1 22 -1 19 -1 19 -1 19 -1 19 -1 19 -1 #SUP: 257 #DPOWER: 0.994
19 -1 22 -1 19 -1 19 -1 19 -1 19 -1 19 -1 22 -1 #SUP: 244 #DPOWER: 0.990
19 -1 22 -1 19 -1 19 -1 19 -1 19 -1 19 -1 19 -1 #SUP: 251 #DPOWER: 0.992
19 -1 22 -1 19 -1 19 -1 19 -1 19 -1 19 -1 19 -1 22 -1 #SUP: 242 #DPOWER: 0.989
19 -1 22 -1 19 -1 19 -1 19 -1 19 -1 19 -1 19 -1 19 -1 #SUP: 249 #DPOWER: 0.991
19 -1 22 -1 19 -1 19 -1 19 -1 19 -1 21 -1 19 -1 #SUP: 244 #DPOWER: 0.990
19 -1 22 -1 19 -1 19 -1 19 -1 21 -1 19 -1 #SUP: 248 #DPOWER: 0.991
21 -1 21 -1 19 -1 19 -1 21 -1 19 -1 19 -1 19 -1 #SUP: 248 #DPOWER: 0.991
19 -1 22 -1 19 -1 19 -1 19 -1 21 -1 19 -1 19 -1 #SUP: 246 #DPOWER: 0.990
19 -1 22 -1 19 -1 19 -1 19 -1 21 -1 19 -1 19 -1 19 -1 #SUP: 242 #DPOWER: 0.989
19 -1 22 -1 19 -1 19 -1 21 -1 19 -1 #SUP: 257 #DPOWER: 0.994
19 -1 22 -1 19 -1 19 -1 21 -1 22 -1 #SUP: 244 #DPOWER: 0.990
19 -1 22 -1 19 -1 19 -1 21 -1 19 -1 19 -1 22 -1 #SUP: 242 #DPOWER: 0.989
19 -1 22 -1 19 -1 19 -1 21 -1 19 -1 19 -1 #SUP: 252 #DPOWER: 0.992
19 -1 22 -1 19 -1 19 -1 21 -1 19 -1 19 -1 19 -1 #SUP: 247 #DPOWER: 0.991
19 -1 22 -1 19 -1 19 -1 21 -1 19 -1 19 -1 19 -1 19 -1 #SUP: 243 #DPOWER: 0.989
19 -1 22 -1 19 -1 19 -1 21 -1 19 -1 19 -1 19 -1 19 -1 19 -1 #SUP: 242 #DPOWER: 0.989
19 -1 22 -1 19 -1 19 -1 21 -1 19 -1 21 -1 19 -1 #SUP: 245 #DPOWER: 0.990
19 -1 22 -1 19 -1 19 -1 21 -1 19 -1 21 -1 19 -1 19 -1 #SUP: 242 #DPOWER: 0.989
19 -1 22 -1 19 -1 21 -1 19 -1 #SUP: 262 #DPOWER: 0.996
19 -1 22 -1 19 -1 21 -1 19 -1 22 -1 #SUP: 253 #DPOWER: 0.993
19 -1 22 -1 19 -1 21 -1 19 -1 22 -1 19 -1 #SUP: 245 #DPOWER: 0.990
21 -1 19 -1 21 -1 19 -1 19 -1 19 -1 21 -1 19 -1 19 -1 #SUP: 249 #DPOWER: 0.991
19 -1 22 -1 19 -1 21 -1 3 -1 #SUP: 245 #DPOWER: 0.990
19 -1 21 -1 21 -1 19 -1 19 -1 21 -1 19 -1 19 -1 19 -1 #SUP: 247 #DPOWER: 0.991
19 -1 22 -1 19 -1 21 -1 3 -1 22 -1 #SUP: 243 #DPOWER: 0.989
19 -1 22 -1 19 -1 21 -1 19 -1 3 -1 #SUP: 244 #DPOWER: 0.990
19 -1 22 -1 19 -1 21 -1 19 -1 19 -1 #SUP: 260 #DPOWER: 0.995
19 -1 22 -1 19 -1 21 -1 19 -1 19 -1 19 -1 22 -1 #SUP: 247 #DPOWER: 0.991
19 -1 22 -1 19 -1 21 -1 19 -1 19 -1 19 -1 #SUP: 254 #DPOWER: 0.993
19 -1 22 -1 19 -1 21 -1 19 -1 19 -1 19 -1 19 -1 #SUP: 253 #DPOWER: 0.993
19 -1 22 -1 19 -1 21 -1 19 -1 19 -1 19 -1 19 -1 19 -1 #SUP: 247 #DPOWER: 0.991
22 -1 19 -1 22 -1 22 -1 22 -1 #SUP: 243 #DPOWER: 0.989
19 -1 22 -1 19 -1 21 -1 19 -1 19 -1 19 -1 19 -1 19 -1 19 -1 #SUP: 243 #DPOWER: 0.989
19 -1 22 -1 19 -1 21 -1 19 -1 19 -1 21 -1 19 -1 #SUP: 246 #DPOWER: 0.990
19 -1 22 -1 19 -1 21 -1 19 -1 19 -1 21 -1 19 -1 19 -1 #SUP: 244 #DPOWER: 0.990
19 -1 19 -1 21 -1 19 -1 21 -1 19 -1 19 -1 19 -1 21 -1 19 -1 #SUP: 244 #DPOWER: 0.990
19 -1 22 -1 19 -1 21 -1 19 -1 21 -1 19 -1 #SUP: 253 #DPOWER: 0.993
22 -1 21 -1 21 -1 19 -1 22 -1 #SUP: 255 #DPOWER: 0.993
19 -1 22 -1 19 -1 21 -1 19 -1 21 -1 22 -1 #SUP: 243 #DPOWER: 0.989
22 -1 19 -1 21 -1 19 -1 19 -1 21 -1 19 -1 19 -1 19 -1 #SUP: 244 #DPOWER: 0.990
19 -1 22 -1 19 -1 21 -1 19 -1 21 -1 19 -1 19 -1 #SUP: 249 #DPOWER: 0.991
19 -1 19 -1 21 -1 21 -1 19 -1 19 -1 21 -1 19 -1 #SUP: 249 #DPOWER: 0.991
19 -1 22 -1 19 -1 21 -1 19 -1 21 -1 19 -1 19 -1 19 -1 #SUP: 246 #DPOWER: 0.990
19 -1 22 -1 19 -1 21 -1 19 -1 21 -1 19 -1 21 -1 19 -1 #SUP: 243 #DPOWER: 0.989
19 -1 22 -1 19 -1 21 -1 21 -1 22 -1 #SUP: 245 #DPOWER: 0.990
19 -1 22 -1 19 -1 21 -1 21 -1 19 -1 22 -1 #SUP: 243 #DPOWER: 0.989
19 -1 22 -1 19 -1 21 -1 21 -1 19 -1 19 -1 #SUP: 250 #DPOWER: 0.992
19 -1 22 -1 19 -1 21 -1 21 -1 19 -1 21 -1 19 -1 #SUP: 244 #DPOWER: 0.990
19 -1 22 -1 21 -1 19 -1 19 -1 #SUP: 266 #DPOWER: 0.993
19 -1 22 -1 21 -1 19 -1 22 -1 #SUP: 262 #DPOWER: 0.988
19 -1 22 -1 21 -1 22 -1 22 -1 #SUP: 253 #DPOWER: 0.993
19 -1 22 -1 21 -1 22 -1 22 -1 19 -1 #SUP: 245 #DPOWER: 0.990
19 -1 22 -1 21 -1 19 -1 22 -1 19 -1 #SUP: 258 #DPOWER: 0.994
19 -1 22 -1 21 -1 22 -1 21 -1 19 -1 #SUP: 248 #DPOWER: 0.991
22 -1 19 -1 19 -1 19 -1 19 -1 19 -1 19 -1 19 -1 #SUP: 252 #DPOWER: 0.992
19 -1 22 -1 21 -1 3 -1 22 -1 #SUP: 251 #DPOWER: 0.992
19 -1 22 -1 21 -1 3 -1 22 -1 19 -1 #SUP: 243 #DPOWER: 0.989
21 -1 19 -1 19 -1 21 -1 19 -1 3 -1 #SUP: 247 #DPOWER: 0.991
19 -1 22 -1 21 -1 19 -1 22 -1 22 -1 #SUP: 249 #DPOWER: 0.991
19 -1 22 -1 21 -1 19 -1 22 -1 21 -1 19 -1 #SUP: 247 #DPOWER: 0.991
19 -1 22 -1 21 -1 19 -1 3 -1 #SUP: 250 #DPOWER: 0.992
19 -1 22 -1 21 -1 19 -1 3 -1 22 -1 #SUP: 249 #DPOWER: 0.991
19 -1 22 -1 21 -1 19 -1 19 -1 22 -1 #SUP: 256 #DPOWER: 0.994
19 -1 22 -1 21 -1 19 -1 19 -1 22 -1 19 -1 #SUP: 243 #DPOWER: 0.989
19 -1 22 -1 21 -1 19 -1 19 -1 3 -1 #SUP: 244 #DPOWER: 0.990
19 -1 22 -1 21 -1 19 -1 19 -1 19 -1 #SUP: 263 #DPOWER: 0.996
19 -1 22 -1 21 -1 19 -1 19 -1 19 -1 22 -1 #SUP: 250 #DPOWER: 0.992
19 -1 19 -1 21 -1 19 -1 19 -1 22 -1 19 -1 #SUP: 244 #DPOWER: 0.990
19 -1 22 -1 21 -1 19 -1 19 -1 19 -1 19 -1 #SUP: 257 #DPOWER: 0.994
19 -1 22 -1 21 -1 19 -1 19 -1 19 -1 19 -1 22 -1 #SUP: 246 #DPOWER: 0.990
19 -1 22 -1 21 -1 19 -1 19 -1 19 -1 19 -1 19 -1 #SUP: 254 #DPOWER: 0.993
19 -1 19 -1 19 -1 21 -1 19 -1 19 -1 19 -1 19 -1 #SUP: 256 #DPOWER: 0.994
19 -1 22 -1 21 -1 19 -1 19 -1 19 -1 19 -1 19 -1 19 -1 #SUP: 248 #DPOWER: 0.991
19 -1 19 -1 21 -1 21 -1 19 -1 21 -1 19 -1 19 -1 19 -1 #SUP: 250 #DPOWER: 0.992
19 -1 22 -1 21 -1 19 -1 19 -1 19 -1 19 -1 19 -1 19 -1 19 -1 #SUP: 244 #DPOWER: 0.990
19 -1 22 -1 21 -1 19 -1 19 -1 19 -1 19 -1 21 -1 19 -1 #SUP: 242 #DPOWER: 0.989
19 -1 22 -1 21 -1 19 -1 19 -1 19 -1 21 -1 19 -1 #SUP: 245 #DPOWER: 0.990
19 -1 22 -1 21 -1 19 -1 19 -1 19 -1 21 -1 19 -1 19 -1 #SUP: 243 #DPOWER: 0.989
19 -1 22 -1 21 -1 19 -1 19 -1 21 -1 19 -1 #SUP: 254 #DPOWER: 0.993
19 -1 22 -1 21 -1 19 -1 19 -1 21 -1 22 -1 #SUP: 242 #DPOWER: 0.989
19 -1 22 -1 21 -1 19 -1 19 -1 21 -1 19 -1 19 -1 #SUP: 250 #DPOWER: 0.992
19 -1 22 -1 21 -1 19 -1 19 -1 21 -1 19 -1 19 -1 19 -1 #SUP: 245 #DPOWER: 0.990
19 -1 22 -1 21 -1 19 -1 19 -1 21 -1 19 -1 21 -1 19 -1 #SUP: 242 #DPOWER: 0.989
19 -1 22 -1 21 -1 19 -1 21 -1 19 -1 #SUP: 261 #DPOWER: 0.995
19 -1 22 -1 21 -1 19 -1 21 -1 19 -1 22 -1 #SUP: 248 #DPOWER: 0.991
19 -1 22 -1 21 -1 19 -1 21 -1 19 -1 19 -1 #SUP: 258 #DPOWER: 0.994
19 -1 22 -1 21 -1 19 -1 21 -1 19 -1 19 -1 19 -1 22 -1 #SUP: 243 #DPOWER: 0.989
19 -1 22 -1 21 -1 19 -1 21 -1 19 -1 19 -1 19 -1 #SUP: 253 #DPOWER: 0.993
19 -1 22 -1 21 -1 19 -1 21 -1 19 -1 19 -1 19 -1 19 -1 #SUP: 250 #DPOWER: 0.992
19 -1 22 -1 21 -1 19 -1 21 -1 19 -1 19 -1 19 -1 19 -1 19 -1 #SUP: 244 #DPOWER: 0.990
21 -1 19 -1 21 -1 19 -1 19 -1 21 -1 19 -1 22 -1 #SUP: 244 #DPOWER: 0.990
19 -1 22 -1 21 -1 19 -1 21 -1 19 -1 19 -1 21 -1 19 -1 #SUP: 244 #DPOWER: 0.990
19 -1 22 -1 21 -1 19 -1 21 -1 19 -1 21 -1 19 -1 #SUP: 249 #DPOWER: 0.991
19 -1 22 -1 21 -1 19 -1 21 -1 19 -1 21 -1 19 -1 19 -1 #SUP: 246 #DPOWER: 0.990
19 -1 22 -1 21 -1 19 -1 21 -1 19 -1 21 -1 19 -1 19 -1 19 -1 #SUP: 242 #DPOWER: 0.989
19 -1 22 -1 21 -1 21 -1 19 -1 22 -1 #SUP: 251 #DPOWER: 0.992
19 -1 22 -1 21 -1 21 -1 19 -1 22 -1 19 -1 #SUP: 243 #DPOWER: 0.989
19 -1 22 -1 21 -1 21 -1 3 -1 #SUP: 242 #DPOWER: 0.989
19 -1 22 -1 21 -1 21 -1 19 -1 19 -1 #SUP: 259 #DPOWER: 0.995
19 -1 22 -1 21 -1 21 -1 19 -1 19 -1 19 -1 22 -1 #SUP: 244 #DPOWER: 0.990
19 -1 21 -1 19 -1 19 -1 19 -1 21 -1 19 -1 19 -1 19 -1 19 -1 #SUP: 244 #DPOWER: 0.990
21 -1 19 -1 21 -1 19 -1 21 -1 19 -1 19 -1 19 -1 22 -1 #SUP: 242 #DPOWER: 0.989
19 -1 22 -1 21 -1 21 -1 19 -1 19 -1 19 -1 19 -1 #SUP: 251 #DPOWER: 0.992
19 -1 22 -1 21 -1 21 -1 19 -1 19 -1 19 -1 19 -1 19 -1 #SUP: 245 #DPOWER: 0.990
19 -1 22 -1 21 -1 21 -1 19 -1 19 -1 21 -1 19 -1 #SUP: 245 #DPOWER: 0.990
19 -1 22 -1 21 -1 21 -1 19 -1 19 -1 21 -1 19 -1 19 -1 #SUP: 242 #DPOWER: 0.989
19 -1 22 -1 21 -1 21 -1 19 -1 21 -1 19 -1 #SUP: 250 #DPOWER: 0.992
19 -1 22 -1 21 -1 21 -1 19 -1 21 -1 19 -1 19 -1 19 -1 #SUP: 244 #DPOWER: 0.990
19 -1 3 -1 22 -1 22 -1 #SUP: 256 #DPOWER: 0.990
19 -1 3 -1 22 -1 22 -1 19 -1 #SUP: 247 #DPOWER: 0.991
19 -1 3 -1 22 -1 3 -1 #SUP: 244 #DPOWER: 0.990
19 -1 3 -1 22 -1 3 -1 22 -1 #SUP: 243 #DPOWER: 0.989
19 -1 3 -1 22 -1 19 -1 19 -1 #SUP: 243 #DPOWER: 0.989
19 -1 3 -1 22 -1 21 -1 19 -1 #SUP: 253 #DPOWER: 0.993
19 -1 3 -1 22 -1 21 -1 22 -1 #SUP: 242 #DPOWER: 0.989
19 -1 21 -1 21 -1 19 -1 21 -1 19 -1 19 -1 19 -1 22 -1 #SUP: 242 #DPOWER: 0.989
19 -1 3 -1 3 -1 #SUP: 248 #DPOWER: 0.991
19 -1 3 -1 3 -1 22 -1 #SUP: 247 #DPOWER: 0.991
19 -1 3 -1 19 -1 22 -1 #SUP: 246 #DPOWER: 0.990
21 -1 19 -1 21 -1 19 -1 21 -1 19 -1 21 -1 22 -1 #SUP: 246 #DPOWER: 0.990
19 -1 3 -1 19 -1 19 -1 #SUP: 247 #DPOWER: 0.991
19 -1 3 -1 21 -1 22 -1 #SUP: 245 #DPOWER: 0.990
19 -1 3 -1 21 -1 19 -1 22 -1 #SUP: 242 #DPOWER: 0.989
19 -1 3 -1 21 -1 19 -1 19 -1 #SUP: 245 #DPOWER: 0.990
19 -1 19 -1 22 -1 #SUP: 270 #DPOWER: 0.946
19 -1 19 -1 22 -1 22 -1 #SUP: 260 #DPOWER: 0.969
19 -1 19 -1 22 -1 22 -1 22 -1 #SUP: 245 #DPOWER: 0.986
19 -1 19 -1 22 -1 22 -1 19 -1 #SUP: 254 #DPOWER: 0.985
19 -1 19 -1 22 -1 22 -1 19 -1 19 -1 #SUP: 242 #DPOWER: 0.989
19 -1 19 -1 19 -1 19 -1 19 -1 21 -1 19 -1 19 -1 19 -1 19 -1 #SUP: 243 #DPOWER: 0.989
19 -1 19 -1 22 -1 22 -1 21 -1 19 -1 #SUP: 246 #DPOWER: 0.986
19 -1 19 -1 22 -1 3 -1 #SUP: 244 #DPOWER: 0.990
19 -1 19 -1 22 -1 19 -1 #SUP: 263 #DPOWER: 0.985
19 -1 19 -1 22 -1 19 -1 22 -1 #SUP: 247 #DPOWER: 0.987
19 -1 19 -1 22 -1 19 -1 19 -1 #SUP: 253 #DPOWER: 0.993
19 -1 19 -1 22 -1 19 -1 19 -1 19 -1 #SUP: 246 #DPOWER: 0.990
22 -1 22 -1 19 -1 3 -1 22 -1 #SUP: 245 #DPOWER: 0.990
19 -1 19 -1 22 -1 21 -1 19 -1 #SUP: 258 #DPOWER: 0.987
19 -1 19 -1 19 -1 19 -1 21 -1 19 -1 19 -1 #SUP: 261 #DPOWER: 0.988
19 -1 19 -1 22 -1 21 -1 22 -1 #SUP: 246 #DPOWER: 0.986
19 -1 19 -1 22 -1 21 -1 19 -1 19 -1 #SUP: 248 #DPOWER: 0.991
19 -1 19 -1 3 -1 22 -1 #SUP: 261 #DPOWER: 0.984
19 -1 19 -1 3 -1 22 -1 22 -1 #SUP: 249 #DPOWER: 0.991
19 -1 21 -1 19 -1 19 -1 19 -1 21 -1 19 -1 19 -1 #SUP: 253 #DPOWER: 0.993
19 -1 19 -1 3 -1 22 -1 19 -1 #SUP: 252 #DPOWER: 0.992
19 -1 19 -1 3 -1 22 -1 21 -1 19 -1 #SUP: 246 #DPOWER: 0.990
19 -1 19 -1 3 -1 3 -1 #SUP: 243 #DPOWER: 0.989
19 -1 19 -1 19 -1 22 -1 #SUP: 268 #DPOWER: 0.973
19 -1 19 -1 19 -1 22 -1 22 -1 #SUP: 254 #DPOWER: 0.985
19 -1 19 -1 19 -1 22 -1 19 -1 #SUP: 260 #DPOWER: 0.991
19 -1 19 -1 19 -1 22 -1 19 -1 19 -1 #SUP: 246 #DPOWER: 0.990
19 -1 19 -1 19 -1 22 -1 19 -1 19 -1 19 -1 #SUP: 243 #DPOWER: 0.989
22 -1 22 -1 22 -1 21 -1 #SUP: 246 #DPOWER: 0.990
19 -1 19 -1 19 -1 22 -1 21 -1 19 -1 #SUP: 255 #DPOWER: 0.990
19 -1 19 -1 19 -1 22 -1 21 -1 19 -1 19 -1 #SUP: 242 #DPOWER: 0.989
19 -1 19 -1 19 -1 3 -1 #SUP: 259 #DPOWER: 0.991
19 -1 19 -1 19 -1 3 -1 22 -1 #SUP: 257 #DPOWER: 0.990
19 -1 19 -1 19 -1 3 -1 22 -1 19 -1 #SUP: 243 #DPOWER: 0.989
19 -1 19 -1 19 -1 3 -1 19 -1 #SUP: 246 #DPOWER: 0.990
19 -1 19 -1 19 -1 19 -1 22 -1 #SUP: 262 #DPOWER: 0.992
19 -1 19 -1 19 -1 19 -1 22 -1 22 -1 #SUP: 243 #DPOWER: 0.989
19 -1 19 -1 19 -1 19 -1 19 -1 22 -1 19 -1 #SUP: 246 #DPOWER: 0.990
19 -1 19 -1 19 -1 19 -1 3 -1 #SUP: 252 #DPOWER: 0.992
19 -1 19 -1 19 -1 19 -1 3 -1 22 -1 #SUP: 249 #DPOWER: 0.991
19 -1 21 -1 19 -1 19 -1 21 -1 19 -1 21 -1 19 -1 #SUP: 253 #DPOWER: 0.993
19 -1 19 -1 19 -1 19 -1 19 -1 19 -1 #SUP: 266 #DPOWER: 0.944
19 -1 19 -1 19 -1 19 -1 19 -1 22 -1 #SUP: 260 #DPOWER: 0.995
19 -1 19 -1 19 -1 19 -1 19 -1 3 -1 22 -1 #SUP: 247 #DPOWER: 0.991
19 -1 19 -1 19 -1 19 -1 19 -1 19 -1 22 -1 #SUP: 253 #DPOWER: 0.993
19 -1 19 -1 19 -1 19 -1 19 -1 19 -1 3 -1 #SUP: 246 #DPOWER: 0.990
19 -1 19 -1 19 -1 19 -1 19 -1 19 -1 3 -1 22 -1 #SUP: 243 #DPOWER: 0.989
19 -1 19 -1 19 -1 19 -1 19 -1 19 -1 19 -1 #SUP: 262 #DPOWER: 0.974
19 -1 19 -1 19 -1 19 -1 19 -1 19 -1 19 -1 22 -1 #SUP: 251 #DPOWER: 0.992
19 -1 19 -1 19 -1 19 -1 19 -1 19 -1 19 -1 3 -1 #SUP: 243 #DPOWER: 0.989
19 -1 19 -1 19 -1 19 -1 19 -1 19 -1 19 -1 19 -1 #SUP: 259 #DPOWER: 0.987
19 -1 19 -1 19 -1 19 -1 19 -1 19 -1 19 -1 19 -1 22 -1 #SUP: 247 #DPOWER: 0.991
22 -1 22 -1 21 -1 19 -1 21 -1 19 -1 19 -1 19 -1 #SUP: 244 #DPOWER: 0.990
19 -1 19 -1 19 -1 19 -1 19 -1 19 -1 19 -1 19 -1 19 -1 #SUP: 250 #DPOWER: 0.988
21 -1 21 -1 19 -1 19 -1 22 -1 19 -1 #SUP: 243 #DPOWER: 0.989
22 -1 22 -1 19 -1 21 -1 19 -1 19 -1 19 -1 #SUP: 247 #DPOWER: 0.991
19 -1 19 -1 19 -1 19 -1 19 -1 19 -1 19 -1 19 -1 19 -1 19 -1 #SUP: 249 #DPOWER: 0.987
19 -1 19 -1 19 -1 19 -1 19 -1 19 -1 19 -1 21 -1 19 -1 #SUP: 245 #DPOWER: 0.990
22 -1 21 -1 19 -1 21 -1 19 -1 19 -1 19 -1 19 -1 19 -1 #SUP: 248 #DPOWER: 0.991
19 -1 19 -1 19 -1 19 -1 19 -1 19 -1 21 -1 19 -1 #SUP: 251 #DPOWER: 0.992
19 -1 19 -1 19 -1 19 -1 19 -1 19 -1 21 -1 19 -1 19 -1 #SUP: 249 #DPOWER: 0.991
19 -1 19 -1 19 -1 19 -1 19 -1 19 -1 21 -1 19 -1 19 -1 19 -1 #SUP: 243 #DPOWER: 0.989
19 -1 19 -1 21 -1 19 -1 19 -1 21 -1 19 -1 19 -1 21 -1 19 -1 #SUP: 243 #DPOWER: 0.989
19 -1 19 -1 19 -1 19 -1 19 -1 21 -1 19 -1 #SUP: 255 #DPOWER: 0.990
19 -1 19 -1 19 -1 19 -1 21 -1 19 -1 21 -1 22 -1 #SUP: 242 #DPOWER: 0.989
19 -1 19 -1 19 -1 19 -1 19 -1 21 -1 19 -1 19 -1 #SUP: 252 #DPOWER: 0.992
22 -1 19 -1 19 -1 3 -1 #SUP: 253 #DPOWER: 0.989
19 -1 19 -1 19 -1 19 -1 19 -1 21 -1 19 -1 19 -1 19 -1 #SUP: 246 #DPOWER: 0.990
19 -1 19 -1 19 -1 19 -1 19 -1 21 -1 19 -1 21 -1 19 -1 #SUP: 243 #DPOWER: 0.989
19 -1 19 -1 19 -1 19 -1 21 -1 #SUP: 263 #DPOWER: 0.974
19 -1 19 -1 19 -1 19 -1 21 -1 22 -1 #SUP: 251 #DPOWER: 0.992
19 -1 19 -1 19 -1 19 -1 21 -1 3 -1 #SUP: 246 #DPOWER: 0.990
19 -1 19 -1 19 -1 19 -1 21 -1 3 -1 22 -1 #SUP: 243 #DPOWER: 0.989
19 -1 19 -1 19 -1 19 -1 21 -1 19 -1 #SUP: 262 #DPOWER: 0.974
19 -1 19 -1 19 -1 19 -1 21 -1 19 -1 22 -1 #SUP: 250 #DPOWER: 0.992
19 -1 19 -1 19 -1 19 -1 21 -1 19 -1 3 -1 #SUP: 245 #DPOWER: 0.990
19 -1 19 -1 19 -1 19 -1 21 -1 19 -1 3 -1 22 -1 #SUP: 242 #DPOWER: 0.989
21 -1 19 -1 21 -1 19 -1 19 -1 19 -1 19 -1 21 -1 19 -1 #SUP: 243 #DPOWER: 0.989
19 -1 19 -1 19 -1 19 -1 21 -1 19 -1 19 -1 22 -1 #SUP: 247 #DPOWER: 0.991
19 -1 19 -1 19 -1 19 -1 21 -1 19 -1 19 -1 3 -1 #SUP: 242 #DPOWER: 0.989
19 -1 19 -1 19 -1 19 -1 21 -1 19 -1 19 -1 19 -1 #SUP: 255 #DPOWER: 0.990
19 -1 19 -1 19 -1 19 -1 21 -1 19 -1 19 -1 19 -1 22 -1 #SUP: 244 #DPOWER: 0.990
19 -1 19 -1 19 -1 19 -1 21 -1 19 -1 19 -1 19 -1 19 -1 #SUP: 252 #DPOWER: 0.992
19 -1 19 -1 19 -1 19 -1 21 -1 19 -1 19 -1 19 -1 19 -1 19 -1 #SUP: 247 #DPOWER: 0.991
19 -1 19 -1 19 -1 19 -1 21 -1 19 -1 19 -1 21 -1 19 -1 #SUP: 246 #DPOWER: 0.990
22 -1 21 -1 19 -1 21 -1 19 -1 19 -1 19 -1 21 -1 19 -1 #SUP: 247 #DPOWER: 0.991
19 -1 19 -1 19 -1 19 -1 21 -1 19 -1 19 -1 21 -1 19 -1 19 -1 #SUP: 242 #DPOWER: 0.989
19 -1 19 -1 19 -1 19 -1 21 -1 19 -1 21 -1 19 -1 #SUP: 251 #DPOWER: 0.992
19 -1 19 -1 21 -1 19 -1 22 -1 22 -1 #SUP: 249 #DPOWER: 0.991
19 -1 19 -1 19 -1 19 -1 21 -1 19 -1 21 -1 19 -1 19 -1 #SUP: 248 #DPOWER: 0.991
22 -1 22 -1 19 -1 3 -1 #SUP: 248 #DPOWER: 0.991
19 -1 19 -1 19 -1 19 -1 21 -1 19 -1 21 -1 19 -1 19 -1 19 -1 #SUP: 244 #DPOWER: 0.990
19 -1 19 -1 19 -1 19 -1 21 -1 19 -1 21 -1 19 -1 19 -1 19 -1 19 -1 #SUP: 242 #DPOWER: 0.989
19 -1 19 -1 19 -1 19 -1 21 -1 21 -1 #SUP: 252 #DPOWER: 0.992
19 -1 19 -1 19 -1 19 -1 21 -1 21 -1 22 -1 #SUP: 243 #DPOWER: 0.989
19 -1 19 -1 19 -1 21 -1 19 -1 #SUP: 268 #DPOWER: 0.948
19 -1 19 -1 19 -1 21 -1 22 -1 #SUP: 255 #DPOWER: 0.993
19 -1 19 -1 19 -1 21 -1 3 -1 #SUP: 250 #DPOWER: 0.992
19 -1 19 -1 21 -1 19 -1 19 -1 21 -1 19 -1 19 -1 19 -1 #SUP: 251 #DPOWER: 0.992
19 -1 19 -1 19 -1 21 -1 3 -1 22 -1 #SUP: 247 #DPOWER: 0.991
19 -1 19 -1 19 -1 21 -1 19 -1 22 -1 #SUP: 254 #DPOWER: 0.993
19 -1 21 -1 19 -1 21 -1 19 -1 19 -1 21 -1 19 -1 #SUP: 254 #DPOWER: 0.993
19 -1 19 -1 19 -1 21 -1 19 -1 3 -1 #SUP: 248 #DPOWER: 0.991
19 -1 19 -1 21 -1 19 -1 3 -1 19 -1 #SUP: 242 #DPOWER: 0.989
19 -1 19 -1 19 -1 21 -1 19 -1 3 -1 22 -1 #SUP: 245 #DPOWER: 0.990
21 -1 19 -1 21 -1 19 -1 21 -1 19 -1 19 -1 21 -1 19 -1 #SUP: 247 #DPOWER: 0.991
22 -1 19 -1 19 -1 19 -1 19 -1 19 -1 22 -1 #SUP: 248 #DPOWER: 0.991
19 -1 19 -1 19 -1 21 -1 19 -1 19 -1 #SUP: 263 #DPOWER: 0.974
19 -1 19 -1 19 -1 21 -1 19 -1 19 -1 22 -1 #SUP: 253 #DPOWER: 0.993
19 -1 19 -1 19 -1 21 -1 19 -1 19 -1 3 -1 #SUP: 246 #DPOWER: 0.990
19 -1 19 -1 19 -1 21 -1 19 -1 19 -1 3 -1 22 -1 #SUP: 243 #DPOWER: 0.989
19 -1 19 -1 19 -1 21 -1 19 -1 19 -1 19 -1 #SUP: 261 #DPOWER: 0.988
19 -1 19 -1 19 -1 21 -1 19 -1 19 -1 19 -1 22 -1 #SUP: 248 #DPOWER: 0.991
19 -1 19 -1 19 -1 21 -1 19 -1 19 -1 19 -1 19 -1 22 -1 #SUP: 244 #DPOWER: 0.990
19 -1 19 -1 19 -1 21 -1 19 -1 19 -1 19 -1 19 -1 19 -1 19 -1 #SUP: 245 #DPOWER: 0.990
19 -1 19 -1 19 -1 21 -1 19 -1 19 -1 21 -1 19 -1 #SUP: 250 #DPOWER: 0.992
19 -1 19 -1 21 -1 19 -1 19 -1 19 -1 19 -1 19 -1 19 -1 #SUP: 251 #DPOWER: 0.992
19 -1 21 -1 19 -1 21 -1 19 -1 3 -1 #SUP: 250 #DPOWER: 0.992
19 -1 19 -1 19 -1 21 -1 19 -1 19 -1 21 -1 19 -1 19 -1 #SUP: 245 #DPOWER: 0.990
19 -1 19 -1 19 -1 21 -1 19 -1 21 -1 #SUP: 260 #DPOWER: 0.991
19 -1 19 -1 19 -1 21 -1 19 -1 21 -1 22 -1 #SUP: 249 #DPOWER: 0.991
19 -1 19 -1 19 -1 21 -1 19 -1 21 -1 3 -1 #SUP: 243 #DPOWER: 0.989
19 -1 19 -1 19 -1 21 -1 19 -1 21 -1 19 -1 #SUP: 259 #DPOWER: 0.991
19 -1 19 -1 19 -1 21 -1 19 -1 21 -1 19 -1 22 -1 #SUP: 247 #DPOWER: 0.991
19 -1 21 -1 21 -1 19 -1 19 -1 19 -1 19 -1 22 -1 #SUP: 247 #DPOWER: 0.991
19 -1 19 -1 19 -1 21 -1 19 -1 21 -1 19 -1 19 -1 #SUP: 257 #DPOWER: 0.994
22 -1 19 -1 21 -1 19 -1 21 -1 19 -1 #SUP: 257 #DPOWER: 0.994
19 -1 19 -1 19 -1 21 -1 19 -1 21 -1 19 -1 19 -1 19 -1 #SUP: 251 #DPOWER: 0.992
19 -1 19 -1 19 -1 21 -1 19 -1 21 -1 19 -1 21 -1 19 -1 #SUP: 245 #DPOWER: 0.990
19 -1 19 -1 19 -1 21 -1 19 -1 21 -1 21 -1 #SUP: 246 #DPOWER: 0.990
19 -1 19 -1 21 -1 19 -1 22 -1 #SUP: 264 #DPOWER: 0.989
22 -1 21 -1 19 -1 21 -1 19 -1 #SUP: 264 #DPOWER: 0.997
19 -1 19 -1 21 -1 22 -1 22 -1 #SUP: 251 #DPOWER: 0.992
19 -1 19 -1 21 -1 22 -1 22 -1 19 -1 #SUP: 242 #DPOWER: 0.989
19 -1 19 -1 21 -1 19 -1 22 -1 19 -1 #SUP: 258 #DPOWER: 0.994
19 -1 19 -1 21 -1 19 -1 22 -1 21 -1 19 -1 #SUP: 249 #DPOWER: 0.991
19 -1 19 -1 21 -1 3 -1 #SUP: 255 #DPOWER: 0.993
19 -1 19 -1 21 -1 3 -1 22 -1 #SUP: 254 #DPOWER: 0.993
19 -1 19 -1 21 -1 3 -1 22 -1 19 -1 #SUP: 245 #DPOWER: 0.990
19 -1 19 -1 21 -1 19 -1 19 -1 3 -1 #SUP: 247 #DPOWER: 0.991
19 -1 21 -1 19 -1 19 -1 21 -1 19 -1 19 -1 19 -1 19 -1 #SUP: 251 #DPOWER: 0.992
19 -1 19 -1 21 -1 3 -1 19 -1 #SUP: 246 #DPOWER: 0.990
19 -1 19 -1 21 -1 19 -1 3 -1 #SUP: 254 #DPOWER: 0.993
19 -1 19 -1 21 -1 19 -1 3 -1 22 -1 #SUP: 252 #DPOWER: 0.992
19 -1 19 -1 21 -1 19 -1 19 -1 #SUP: 268 #DPOWER: 0.942
19 -1 19 -1 21 -1 19 -1 19 -1 22 -1 #SUP: 257 #DPOWER: 0.994
19 -1 19 -1 21 -1 19 -1 19 -1 3 -1 22 -1 #SUP: 244 #DPOWER: 0.990
19 -1 19 -1 21 -1 19 -1 19 -1 19 -1 #SUP: 262 #DPOWER: 0.966
19 -1 19 -1 21 -1 19 -1 19 -1 19 -1 22 -1 #SUP: 254 #DPOWER: 0.993
19 -1 19 -1 21 -1 19 -1 19 -1 19 -1 3 -1 #SUP: 244 #DPOWER: 0.990
19 -1 21 -1 19 -1 21 -1 19 -1 21 -1 3 -1 #SUP: 245 #DPOWER: 0.990
22 -1 19 -1 19 -1 19 -1 3 -1 #SUP: 246 #DPOWER: 0.986
19 -1 19 -1 21 -1 19 -1 19 -1 19 -1 19 -1 #SUP: 260 #DPOWER: 0.991
22 -1 21 -1 19 -1 21 -1 19 -1 19 -1 #SUP: 261 #DPOWER: 0.995
19 -1 19 -1 21 -1 19 -1 19 -1 19 -1 19 -1 22 -1 #SUP: 250 #DPOWER: 0.992
19 -1 19 -1 21 -1 19 -1 19 -1 19 -1 19 -1 3 -1 #SUP: 242 #DPOWER: 0.989
19 -1 19 -1 21 -1 19 -1 19 -1 19 -1 19 -1 19 -1 #SUP: 257 #DPOWER: 0.994
19 -1 21 -1 19 -1 21 -1 19 -1 22 -1 #SUP: 256 #DPOWER: 0.994
19 -1 19 -1 21 -1 19 -1 19 -1 19 -1 19 -1 19 -1 22 -1 #SUP: 246 #DPOWER: 0.990
19 -1 21 -1 19 -1 21 -1 19 -1 21 -1 19 -1 22 -1 #SUP: 247 #DPOWER: 0.991
19 -1 21 -1 21 -1 19 -1 21 -1 19 -1 19 -1 22 -1 #SUP: 247 #DPOWER: 0.991
19 -1 19 -1 21 -1 19 -1 19 -1 19 -1 19 -1 19 -1 19 -1 19 -1 #SUP: 246 #DPOWER: 0.990
19 -1 19 -1 21 -1 19 -1 19 -1 19 -1 19 -1 19 -1 19 -1 19 -1 19 -1 #SUP: 242 #DPOWER: 0.989
22 -1 21 -1 19 -1 21 -1 19 -1 21 -1 19 -1 22 -1 #SUP: 242 #DPOWER: 0.989
19 -1 19 -1 21 -1 19 -1 19 -1 19 -1 19 -1 21 -1 19 -1 #SUP: 248 #DPOWER: 0.991
19 -1 19 -1 21 -1 19 -1 19 -1 19 -1 19 -1 21 -1 19 -1 19 -1 #SUP: 245 #DPOWER: 0.990
19 -1 19 -1 21 -1 19 -1 19 -1 19 -1 21 -1 19 -1 #SUP: 250 #DPOWER: 0.992
19 -1 19 -1 21 -1 19 -1 19 -1 19 -1 21 -1 19 -1 19 -1 #SUP: 248 #DPOWER: 0.991
19 -1 19 -1 21 -1 19 -1 19 -1 19 -1 21 -1 19 -1 19 -1 19 -1 #SUP: 243 #DPOWER: 0.989
19 -1 19 -1 21 -1 19 -1 19 -1 21 -1 19 -1 #SUP: 257 #DPOWER: 0.990
19 -1 19 -1 21 -1 19 -1 19 -1 21 -1 22 -1 #SUP: 246 #DPOWER: 0.990
19 -1 19 -1 21 -1 19 -1 19 -1 21 -1 19 -1 22 -1 #SUP: 245 #DPOWER: 0.990
19 -1 19 -1 21 -1 19 -1 19 -1 21 -1 19 -1 19 -1 #SUP: 255 #DPOWER: 0.993
19 -1 19 -1 21 -1 19 -1 19 -1 21 -1 19 -1 19 -1 22 -1 #SUP: 243 #DPOWER: 0.989
22 -1 19 -1 21 -1 19 -1 21 -1 19 -1 21 -1 19 -1 19 -1 #SUP: 243 #DPOWER: 0.989
22 -1 19 -1 21 -1 21 -1 19 -1 21 -1 19 -1 19 -1 19 -1 #SUP: 243 #DPOWER: 0.989
22 -1 21 -1 19 -1 19 -1 21 -1 19 -1 21 -1 19 -1 19 -1 #SUP: 243 #DPOWER: 0.989
19 -1 19 -1 21 -1 19 -1 19 -1 21 -1 19 -1 19 -1 19 -1 19 -1 #SUP: 246 #DPOWER: 0.990
19 -1 19 -1 21 -1 19 -1 19 -1 21 -1 19 -1 21 -1 19 -1 #SUP: 247 #DPOWER: 0.991
19 -1 19 -1 21 -1 19 -1 19 -1 21 -1 19 -1 21 -1 19 -1 19 -1 #SUP: 244 #DPOWER: 0.990
19 -1 19 -1 21 -1 19 -1 21 -1 #SUP: 265 #DPOWER: 0.982
19 -1 19 -1 21 -1 19 -1 21 -1 22 -1 #SUP: 252 #DPOWER: 0.992
19 -1 19 -1 21 -1 19 -1 21 -1 3 -1 #SUP: 246 #DPOWER: 0.990
19 -1 19 -1 21 -1 21 -1 19 -1 3 -1 #SUP: 245 #DPOWER: 0.990
19 -1 19 -1 21 -1 19 -1 21 -1 3 -1 22 -1 #SUP: 243 #DPOWER: 0.989
19 -1 19 -1 21 -1 21 -1 19 -1 3 -1 22 -1 #SUP: 242 #DPOWER: 0.989
19 -1 19 -1 21 -1 19 -1 21 -1 19 -1 #SUP: 264 #DPOWER: 0.982
19 -1 19 -1 21 -1 19 -1 21 -1 19 -1 22 -1 #SUP: 250 #DPOWER: 0.992
19 -1 21 -1 19 -1 19 -1 19 -1 19 -1 19 -1 19 -1 19 -1 #SUP: 252 #DPOWER: 0.992
19 -1 19 -1 21 -1 19 -1 21 -1 19 -1 3 -1 #SUP: 244 #DPOWER: 0.990
19 -1 19 -1 21 -1 19 -1 21 -1 19 -1 19 -1 #SUP: 259 #DPOWER: 0.991
19 -1 19 -1 21 -1 19 -1 21 -1 19 -1 19 -1 22 -1 #SUP: 249 #DPOWER: 0.991
19 -1 21 -1 19 -1 3 -1 22 -1 19 -1 #SUP: 243 #DPOWER: 0.989
19 -1 19 -1 21 -1 19 -1 21 -1 19 -1 19 -1 3 -1 #SUP: 242 #DPOWER: 0.989
19 -1 19 -1 21 -1 19 -1 21 -1 19 -1 19 -1 19 -1 #SUP: 257 #DPOWER: 0.994
19 -1 19 -1 21 -1 19 -1 21 -1 19 -1 19 -1 19 -1 22 -1 #SUP: 246 #DPOWER: 0.990
19 -1 19 -1 21 -1 19 -1 21 -1 19 -1 19 -1 19 -1 19 -1 #SUP: 253 #DPOWER: 0.993
19 -1 19 -1 21 -1 19 -1 21 -1 19 -1 19 -1 19 -1 19 -1 19 -1 #SUP: 247 #DPOWER: 0.991
21 -1 19 -1 19 -1 19 -1 19 -1 19 -1 19 -1 21 -1 19 -1 #SUP: 243 #DPOWER: 0.989
19 -1 19 -1 21 -1 19 -1 21 -1 19 -1 19 -1 19 -1 19 -1 19 -1 19 -1 #SUP: 242 #DPOWER: 0.989
19 -1 19 -1 21 -1 19 -1 21 -1 19 -1 19 -1 21 -1 19 -1 #SUP: 248 #DPOWER: 0.991
21 -1 19 -1 19 -1 21 -1 3 -1 22 -1 #SUP: 246 #DPOWER: 0.990
19 -1 19 -1 21 -1 19 -1 21 -1 19 -1 19 -1 21 -1 19 -1 19 -1 #SUP: 243 #DPOWER: 0.989
19 -1 19 -1 21 -1 19 -1 21 -1 19 -1 21 -1 19 -1 #SUP: 255 #DPOWER: 0.993
19 -1 19 -1 21 -1 19 -1 21 -1 19 -1 21 -1 22 -1 #SUP: 245 #DPOWER: 0.990
19 -1 19 -1 21 -1 19 -1 21 -1 19 -1 21 -1 19 -1 22 -1 #SUP: 243 #DPOWER: 0.989
21 -1 19 -1 19 -1 19 -1 19 -1 19 -1 21 -1 19 -1 19 -1 #SUP: 242 #DPOWER: 0.989
19 -1 19 -1 21 -1 19 -1 21 -1 19 -1 21 -1 19 -1 19 -1 #SUP: 253 #DPOWER: 0.993
19 -1 19 -1 21 -1 19 -1 21 -1 19 -1 21 -1 19 -1 19 -1 19 -1 #SUP: 248 #DPOWER: 0.991
19 -1 19 -1 21 -1 21 -1 3 -1 22 -1 #SUP: 244 #DPOWER: 0.990
19 -1 19 -1 21 -1 19 -1 21 -1 19 -1 21 -1 19 -1 19 -1 19 -1 19 -1 #SUP: 243 #DPOWER: 0.989
19 -1 19 -1 21 -1 19 -1 21 -1 19 -1 21 -1 19 -1 21 -1 19 -1 #SUP: 243 #DPOWER: 0.989
19 -1 19 -1 21 -1 19 -1 21 -1 21 -1 #SUP: 256 #DPOWER: 0.994
19 -1 19 -1 21 -1 19 -1 21 -1 21 -1 22 -1 #SUP: 246 #DPOWER: 0.990
19 -1 19 -1 21 -1 21 -1 22 -1 #SUP: 254 #DPOWER: 0.993
19 -1 19 -1 21 -1 21 -1 22 -1 19 -1 #SUP: 245 #DPOWER: 0.990
19 -1 19 -1 21 -1 21 -1 3 -1 #SUP: 247 #DPOWER: 0.991
19 -1 19 -1 21 -1 21 -1 19 -1 22 -1 #SUP: 252 #DPOWER: 0.992
19 -1 19 -1 21 -1 21 -1 19 -1 22 -1 19 -1 #SUP: 244 #DPOWER: 0.990
19 -1 19 -1 21 -1 21 -1 19 -1 19 -1 #SUP: 260 #DPOWER: 0.988
19 -1 19 -1 21 -1 21 -1 19 -1 19 -1 22 -1 #SUP: 250 #DPOWER: 0.992
19 -1 19 -1 21 -1 21 -1 19 -1 19 -1 19 -1 22 -1 #SUP: 247 #DPOWER: 0.991
19 -1 19 -1 21 -1 21 -1 19 -1 19 -1 19 -1 19 -1 #SUP: 254 #DPOWER: 0.993
22 -1 19 -1 21 -1 19 -1 22 -1 19 -1 #SUP: 250 #DPOWER: 0.992
19 -1 19 -1 21 -1 21 -1 19 -1 19 -1 19 -1 19 -1 19 -1 #SUP: 248 #DPOWER: 0.991
19 -1 19 -1 21 -1 21 -1 19 -1 19 -1 19 -1 19 -1 19 -1 19 -1 #SUP: 243 #DPOWER: 0.989
19 -1 19 -1 21 -1 21 -1 19 -1 19 -1 21 -1 19 -1 19 -1 #SUP: 244 #DPOWER: 0.990
22 -1 21 -1 19 -1 21 -1 3 -1 22 -1 #SUP: 242 #DPOWER: 0.989
19 -1 19 -1 21 -1 21 -1 19 -1 21 -1 19 -1 #SUP: 256 #DPOWER: 0.994
19 -1 19 -1 21 -1 21 -1 19 -1 21 -1 19 -1 19 -1 19 -1 19 -1 #SUP: 244 #DPOWER: 0.990
19 -1 19 -1 21 -1 21 -1 19 -1 21 -1 19 -1 21 -1 19 -1 #SUP: 244 #DPOWER: 0.990
19 -1 19 -1 21 -1 21 -1 21 -1 #SUP: 257 #DPOWER: 0.994
19 -1 21 -1 19 -1 22 -1 #SUP: 268 #DPOWER: 0.983
19 -1 21 -1 22 -1 22 -1 #SUP: 255 #DPOWER: 0.993
19 -1 21 -1 22 -1 22 -1 19 -1 #SUP: 248 #DPOWER: 0.991
19 -1 21 -1 19 -1 22 -1 19 -1 #SUP: 261 #DPOWER: 0.995
19 -1 21 -1 22 -1 19 -1 19 -1 #SUP: 244 #DPOWER: 0.990
22 -1 19 -1 19 -1 21 -1 22 -1 #SUP: 248 #DPOWER: 0.991
19 -1 21 -1 19 -1 22 -1 21 -1 19 -1 #SUP: 253 #DPOWER: 0.993
19 -1 21 -1 3 -1 22 -1 #SUP: 257 #DPOWER: 0.994
19 -1 21 -1 19 -1 3 -1 #SUP: 257 #DPOWER: 0.994
19 -1 21 -1 3 -1 22 -1 22 -1 #SUP: 245 #DPOWER: 0.990
19 -1 21 -1 19 -1 19 -1 21 -1 19 -1 22 -1 #SUP: 250 #DPOWER: 0.992
19 -1 21 -1 3 -1 22 -1 19 -1 #SUP: 248 #DPOWER: 0.991
19 -1 21 -1 19 -1 22 -1 22 -1 #SUP: 252 #DPOWER: 0.992
22 -1 22 -1 19 -1 22 -1 19 -1 #SUP: 251 #DPOWER: 0.992
19 -1 21 -1 19 -1 22 -1 19 -1 19 -1 #SUP: 243 #DPOWER: 0.989
19 -1 21 -1 19 -1 3 -1 22 -1 #SUP: 256 #DPOWER: 0.994
19 -1 21 -1 19 -1 3 -1 19 -1 #SUP: 245 #DPOWER: 0.990
19 -1 21 -1 19 -1 19 -1 22 -1 #SUP: 262 #DPOWER: 0.996
19 -1 21 -1 19 -1 19 -1 22 -1 22 -1 #SUP: 245 #DPOWER: 0.990
19 -1 21 -1 19 -1 19 -1 3 -1 #SUP: 253 #DPOWER: 0.993
19 -1 21 -1 19 -1 19 -1 22 -1 19 -1 #SUP: 247 #DPOWER: 0.991
19 -1 21 -1 19 -1 19 -1 22 -1 21 -1 #SUP: 242 #DPOWER: 0.989
19 -1 21 -1 19 -1 19 -1 3 -1 22 -1 #SUP: 250 #DPOWER: 0.992
19 -1 21 -1 19 -1 19 -1 19 -1 #SUP: 267 #DPOWER: 0.941
19 -1 21 -1 19 -1 19 -1 19 -1 22 -1 #SUP: 258 #DPOWER: 0.994
19 -1 21 -1 19 -1 19 -1 19 -1 22 -1 22 -1 #SUP: 242 #DPOWER: 0.989
19 -1 21 -1 19 -1 19 -1 19 -1 22 -1 19 -1 #SUP: 244 #DPOWER: 0.990
19 -1 21 -1 19 -1 19 -1 19 -1 3 -1 22 -1 #SUP: 245 #DPOWER: 0.990
19 -1 21 -1 19 -1 19 -1 19 -1 19 -1 #SUP: 263 #DPOWER: 0.974
19 -1 21 -1 19 -1 19 -1 19 -1 19 -1 22 -1 #SUP: 255 #DPOWER: 0.993
19 -1 21 -1 19 -1 19 -1 19 -1 19 -1 3 -1 #SUP: 246 #DPOWER: 0.990
19 -1 21 -1 19 -1 19 -1 19 -1 19 -1 3 -1 22 -1 #SUP: 243 #DPOWER: 0.989
21 -1 21 -1 19 -1 21 -1 19 -1 19 -1 19 -1 22 -1 #SUP: 245 #DPOWER: 0.990
19 -1 21 -1 19 -1 19 -1 19 -1 19 -1 19 -1 #SUP: 262 #DPOWER: 0.988
19 -1 21 -1 19 -1 19 -1 19 -1 19 -1 19 -1 22 -1 #SUP: 248 #DPOWER: 0.991
19 -1 21 -1 19 -1 19 -1 19 -1 19 -1 19 -1 19 -1 #SUP: 257 #DPOWER: 0.990
19 -1 21 -1 19 -1 19 -1 19 -1 19 -1 19 -1 19 -1 22 -1 #SUP: 244 #DPOWER: 0.990
19 -1 21 -1 19 -1 19 -1 19 -1 19 -1 19 -1 19 -1 19 -1 19 -1 #SUP: 245 #DPOWER: 0.990
19 -1 21 -1 19 -1 19 -1 19 -1 19 -1 19 -1 21 -1 19 -1 #SUP: 243 #DPOWER: 0.989
19 -1 21 -1 19 -1 19 -1 19 -1 19 -1 21 -1 19 -1 #SUP: 253 #DPOWER: 0.993
19 -1 21 -1 19 -1 19 -1 19 -1 19 -1 21 -1 19 -1 19 -1 #SUP: 250 #DPOWER: 0.992
19 -1 21 -1 19 -1 19 -1 19 -1 19 -1 21 -1 19 -1 19 -1 19 -1 #SUP: 243 #DPOWER: 0.989
19 -1 21 -1 19 -1 19 -1 19 -1 21 -1 #SUP: 257 #DPOWER: 0.994
19 -1 21 -1 19 -1 19 -1 19 -1 21 -1 22 -1 #SUP: 245 #DPOWER: 0.990
19 -1 21 -1 19 -1 19 -1 19 -1 21 -1 19 -1 #SUP: 256 #DPOWER: 0.994
19 -1 21 -1 19 -1 19 -1 19 -1 21 -1 19 -1 22 -1 #SUP: 243 #DPOWER: 0.989
19 -1 21 -1 19 -1 19 -1 19 -1 21 -1 19 -1 19 -1 19 -1 #SUP: 248 #DPOWER: 0.991
19 -1 21 -1 19 -1 19 -1 19 -1 21 -1 19 -1 21 -1 19 -1 #SUP: 244 #DPOWER: 0.990
21 -1 21 -1 19 -1 21 -1 19 -1 19 -1 21 -1 19 -1 19 -1 #SUP: 244 #DPOWER: 0.990
22 -1 19 -1 19 -1 19 -1 21 -1 19 -1 19 -1 19 -1 #SUP: 245 #DPOWER: 0.990
22 -1 19 -1 19 -1 21 -1 19 -1 21 -1 19 -1 19 -1 #SUP: 245 #DPOWER: 0.990
19 -1 21 -1 19 -1 19 -1 19 -1 21 -1 19 -1 21 -1 19 -1 19 -1 #SUP: 242 #DPOWER: 0.989
19 -1 21 -1 19 -1 19 -1 19 -1 21 -1 21 -1 #SUP: 245 #DPOWER: 0.990
19 -1 21 -1 19 -1 19 -1 21 -1 19 -1 #SUP: 263 #DPOWER: 0.989
19 -1 21 -1 19 -1 19 -1 21 -1 22 -1 #SUP: 252 #DPOWER: 0.992
19 -1 21 -1 19 -1 19 -1 21 -1 3 -1 #SUP: 248 #DPOWER: 0.991
19 -1 21 -1 19 -1 19 -1 21 -1 3 -1 22 -1 #SUP: 245 #DPOWER: 0.990
22 -1 21 -1 22 -1 19 -1 19 -1 19 -1 #SUP: 244 #DPOWER: 0.990
19 -1 21 -1 19 -1 19 -1 21 -1 19 -1 3 -1 #SUP: 244 #DPOWER: 0.990
19 -1 21 -1 19 -1 19 -1 21 -1 19 -1 19 -1 #SUP: 259 #DPOWER: 0.995
19 -1 21 -1 19 -1 19 -1 21 -1 19 -1 19 -1 22 -1 #SUP: 249 #DPOWER: 0.991
21 -1 19 -1 19 -1 21 -1 3 -1 #SUP: 249 #DPOWER: 0.991
19 -1 21 -1 19 -1 19 -1 21 -1 19 -1 19 -1 19 -1 #SUP: 256 #DPOWER: 0.994
19 -1 21 -1 19 -1 19 -1 21 -1 19 -1 19 -1 19 -1 22 -1 #SUP: 242 #DPOWER: 0.989
19 -1 21 -1 19 -1 19 -1 21 -1 19 -1 19 -1 19 -1 19 -1 19 -1 #SUP: 246 #DPOWER: 0.990
19 -1 21 -1 19 -1 19 -1 21 -1 19 -1 19 -1 21 -1 19 -1 #SUP: 246 #DPOWER: 0.990
19 -1 21 -1 19 -1 19 -1 21 -1 19 -1 19 -1 21 -1 19 -1 19 -1 #SUP: 242 #DPOWER: 0.989
19 -1 21 -1 19 -1 19 -1 21 -1 19 -1 21 -1 #SUP: 254 #DPOWER: 0.993
19 -1 21 -1 19 -1 19 -1 21 -1 19 -1 21 -1 22 -1 #SUP: 243 #DPOWER: 0.989
19 -1 21 -1 19 -1 19 -1 21 -1 19 -1 21 -1 19 -1 19 -1 #SUP: 250 #DPOWER: 0.992
19 -1 21 -1 19 -1 19 -1 21 -1 19 -1 21 -1 19 -1 19 -1 19 -1 #SUP: 245 #DPOWER: 0.990
19 -1 21 -1 19 -1 21 -1 19 -1 #SUP: 267 #DPOWER: 0.965
19 -1 21 -1 19 -1 21 -1 19 -1 22 -1 22 -1 #SUP: 242 #DPOWER: 0.989
22 -1 22 -1 19 -1 21 -1 19 -1 21 -1 19 -1 #SUP: 245 #DPOWER: 0.990
19 -1 21 -1 19 -1 21 -1 19 -1 22 -1 19 -1 #SUP: 242 #DPOWER: 0.989
19 -1 21 -1 19 -1 21 -1 3 -1 #SUP: 251 #DPOWER: 0.992
19 -1 21 -1 19 -1 21 -1 3 -1 22 -1 #SUP: 248 #DPOWER: 0.991
19 -1 21 -1 19 -1 21 -1 19 -1 3 -1 22 -1 #SUP: 247 #DPOWER: 0.991
19 -1 21 -1 19 -1 21 -1 19 -1 19 -1 #SUP: 264 #DPOWER: 0.985
19 -1 21 -1 19 -1 21 -1 19 -1 19 -1 22 -1 #SUP: 252 #DPOWER: 0.992
19 -1 21 -1 19 -1 21 -1 19 -1 19 -1 3 -1 #SUP: 244 #DPOWER: 0.990
19 -1 21 -1 19 -1 21 -1 19 -1 19 -1 19 -1 #SUP: 260 #DPOWER: 0.991
19 -1 21 -1 19 -1 21 -1 19 -1 19 -1 19 -1 22 -1 #SUP: 251 #DPOWER: 0.992
19 -1 21 -1 19 -1 21 -1 19 -1 19 -1 19 -1 3 -1 #SUP: 243 #DPOWER: 0.989
19 -1 21 -1 19 -1 21 -1 19 -1 19 -1 19 -1 19 -1 #SUP: 258 #DPOWER: 0.994
19 -1 21 -1 19 -1 21 -1 19 -1 19 -1 19 -1 19 -1 22 -1 #SUP: 245 #DPOWER: 0.990
19 -1 21 -1 19 -1 21 -1 19 -1 19 -1 19 -1 19 -1 19 -1 #SUP: 252 #DPOWER: 0.992
22 -1 19 -1 21 -1 19 -1 19 -1 19 -1 22 -1 #SUP: 251 #DPOWER: 0.992
19 -1 21 -1 19 -1 21 -1 19 -1 19 -1 19 -1 19 -1 19 -1 19 -1 #SUP: 246 #DPOWER: 0.990
19 -1 21 -1 19 -1 21 -1 19 -1 19 -1 19 -1 21 -1 19 -1 19 -1 #SUP: 245 #DPOWER: 0.990
19 -1 21 -1 19 -1 21 -1 19 -1 19 -1 21 -1 22 -1 #SUP: 243 #DPOWER: 0.989
22 -1 19 -1 19 -1 21 -1 19 -1 22 -1 #SUP: 247 #DPOWER: 0.991
19 -1 21 -1 19 -1 21 -1 19 -1 19 -1 21 -1 19 -1 22 -1 #SUP: 242 #DPOWER: 0.989
19 -1 21 -1 19 -1 21 -1 19 -1 19 -1 21 -1 19 -1 19 -1 #SUP: 250 #DPOWER: 0.992
19 -1 21 -1 19 -1 21 -1 19 -1 19 -1 21 -1 19 -1 19 -1 19 -1 #SUP: 246 #DPOWER: 0.990
19 -1 21 -1 19 -1 21 -1 19 -1 21 -1 #SUP: 261 #DPOWER: 0.995
19 -1 21 -1 19 -1 21 -1 19 -1 21 -1 22 -1 #SUP: 250 #DPOWER: 0.992
21 -1 19 -1 21 -1 19 -1 21 -1 19 -1 22 -1 #SUP: 250 #DPOWER: 0.992
19 -1 21 -1 19 -1 21 -1 19 -1 21 -1 3 -1 22 -1 #SUP: 242 #DPOWER: 0.989
22 -1 19 -1 19 -1 19 -1 3 -1 22 -1 #SUP: 243 #DPOWER: 0.985
19 -1 21 -1 19 -1 21 -1 19 -1 21 -1 19 -1 #SUP: 260 #DPOWER: 0.995
19 -1 21 -1 19 -1 21 -1 19 -1 21 -1 19 -1 19 -1 #SUP: 256 #DPOWER: 0.994
19 -1 21 -1 19 -1 21 -1 19 -1 21 -1 19 -1 19 -1 22 -1 #SUP: 246 #DPOWER: 0.990
19 -1 21 -1 19 -1 21 -1 19 -1 21 -1 19 -1 19 -1 19 -1 #SUP: 253 #DPOWER: 0.993
22 -1 21 -1 19 -1 3 -1 22 -1 #SUP: 252 #DPOWER: 0.992
19 -1 21 -1 19 -1 21 -1 19 -1 21 -1 19 -1 19 -1 19 -1 19 -1 #SUP: 248 #DPOWER: 0.991
19 -1 21 -1 19 -1 21 -1 19 -1 21 -1 19 -1 19 -1 21 -1 19 -1 #SUP: 242 #DPOWER: 0.989
19 -1 21 -1 19 -1 21 -1 19 -1 21 -1 19 -1 21 -1 19 -1 #SUP: 249 #DPOWER: 0.991
19 -1 21 -1 19 -1 21 -1 19 -1 21 -1 19 -1 21 -1 19 -1 19 -1 #SUP: 245 #DPOWER: 0.990
19 -1 21 -1 19 -1 21 -1 19 -1 21 -1 21 -1 #SUP: 250 #DPOWER: 0.992
19 -1 21 -1 21 -1 19 -1 22 -1 #SUP: 259 #DPOWER: 0.995
19 -1 21 -1 21 -1 19 -1 22 -1 22 -1 #SUP: 244 #DPOWER: 0.990
19 -1 21 -1 21 -1 19 -1 22 -1 19 -1 #SUP: 250 #DPOWER: 0.992
19 -1 21 -1 21 -1 3 -1 #SUP: 252 #DPOWER: 0.992
19 -1 21 -1 21 -1 3 -1 22 -1 #SUP: 250 #DPOWER: 0.992
19 -1 21 -1 21 -1 19 -1 3 -1 #SUP: 251 #DPOWER: 0.992
19 -1 21 -1 21 -1 19 -1 3 -1 22 -1 #SUP: 249 #DPOWER: 0.991
19 -1 21 -1 21 -1 19 -1 19 -1 #SUP: 265 #DPOWER: 0.982
19 -1 21 -1 21 -1 19 -1 19 -1 22 -1 #SUP: 253 #DPOWER: 0.993
19 -1 21 -1 21 -1 19 -1 19 -1 19 -1 22 -1 #SUP: 252 #DPOWER: 0.992
19 -1 21 -1 21 -1 19 -1 19 -1 19 -1 19 -1 #SUP: 259 #DPOWER: 0.995
19 -1 21 -1 21 -1 19 -1 19 -1 19 -1 19 -1 19 -1 22 -1 #SUP: 242 #DPOWER: 0.989
19 -1 21 -1 21 -1 19 -1 19 -1 19 -1 19 -1 19 -1 19 -1 #SUP: 247 #DPOWER: 0.991
19 -1 21 -1 21 -1 19 -1 19 -1 19 -1 21 -1 19 -1 19 -1 #SUP: 246 #DPOWER: 0.990
19 -1 21 -1 21 -1 19 -1 19 -1 21 -1 19 -1 #SUP: 255 #DPOWER: 0.993
19 -1 21 -1 21 -1 19 -1 19 -1 21 -1 22 -1 #SUP: 244 #DPOWER: 0.990
19 -1 21 -1 21 -1 19 -1 19 -1 21 -1 19 -1 22 -1 #SUP: 243 #DPOWER: 0.989
19 -1 21 -1 21 -1 19 -1 19 -1 21 -1 19 -1 19 -1 #SUP: 251 #DPOWER: 0.992
19 -1 21 -1 21 -1 19 -1 21 -1 #SUP: 262 #DPOWER: 0.996
19 -1 21 -1 21 -1 19 -1 21 -1 19 -1 #SUP: 261 #DPOWER: 0.995
19 -1 21 -1 21 -1 19 -1 21 -1 19 -1 19 -1 19 -1 #SUP: 255 #DPOWER: 0.993
19 -1 21 -1 21 -1 19 -1 21 -1 19 -1 19 -1 19 -1 19 -1 #SUP: 249 #DPOWER: 0.991
19 -1 21 -1 21 -1 19 -1 21 -1 19 -1 19 -1 21 -1 19 -1 #SUP: 243 #DPOWER: 0.989
21 -1 19 -1 19 -1 21 -1 19 -1 19 -1 19 -1 21 -1 19 -1 #SUP: 242 #DPOWER: 0.989
21 -1 21 -1 19 -1 21 -1 19 -1 19 -1 19 -1 21 -1 19 -1 #SUP: 242 #DPOWER: 0.989
19 -1 21 -1 21 -1 19 -1 21 -1 19 -1 21 -1 19 -1 #SUP: 250 #DPOWER: 0.992
19 -1 21 -1 21 -1 19 -1 21 -1 19 -1 21 -1 19 -1 19 -1 #SUP: 247 #DPOWER: 0.991
19 -1 21 -1 21 -1 19 -1 21 -1 21 -1 #SUP: 251 #DPOWER: 0.992
21 -1 22 -1 22 -1 #SUP: 257 #DPOWER: 0.994
21 -1 22 -1 22 -1 21 -1 19 -1 #SUP: 246 #DPOWER: 0.990
21 -1 19 -1 21 -1 19 -1 21 -1 19 -1 19 -1 19 -1 19 -1 #SUP: 251 #DPOWER: 0.992
21 -1 22 -1 3 -1 #SUP: 243 #DPOWER: 0.989
22 -1 21 -1 21 -1 3 -1 #SUP: 246 #DPOWER: 0.990
21 -1 19 -1 22 -1 19 -1 #SUP: 264 #DPOWER: 0.997
21 -1 22 -1 19 -1 22 -1 #SUP: 247 #DPOWER: 0.991
21 -1 22 -1 19 -1 19 -1 #SUP: 254 #DPOWER: 0.993
21 -1 19 -1 22 -1 19 -1 19 -1 19 -1 #SUP: 249 #DPOWER: 0.991
21 -1 19 -1 22 -1 21 -1 19 -1 #SUP: 258 #DPOWER: 0.994
21 -1 22 -1 21 -1 22 -1 #SUP: 245 #DPOWER: 0.990
21 -1 22 -1 21 -1 19 -1 22 -1 #SUP: 243 #DPOWER: 0.989
21 -1 22 -1 21 -1 19 -1 19 -1 #SUP: 250 #DPOWER: 0.992
21 -1 19 -1 22 -1 21 -1 19 -1 19 -1 19 -1 #SUP: 243 #DPOWER: 0.989
21 -1 3 -1 22 -1 #SUP: 259 #DPOWER: 0.995
21 -1 19 -1 3 -1 #SUP: 259 #DPOWER: 0.995
21 -1 3 -1 22 -1 22 -1 #SUP: 248 #DPOWER: 0.991
21 -1 3 -1 22 -1 19 -1 #SUP: 251 #DPOWER: 0.992
21 -1 3 -1 22 -1 21 -1 19 -1 #SUP: 245 #DPOWER: 0.990
21 -1 19 -1 22 -1 22 -1 #SUP: 254 #DPOWER: 0.993
21 -1 19 -1 22 -1 22 -1 19 -1 #SUP: 242 #DPOWER: 0.989
21 -1 19 -1 22 -1 3 -1 #SUP: 242 #DPOWER: 0.989
22 -1 21 -1 19 -1 21 -1 3 -1 #SUP: 245 #DPOWER: 0.990
21 -1 19 -1 22 -1 19 -1 22 -1 #SUP: 244 #DPOWER: 0.990
22 -1 22 -1 19 -1 21 -1 19 -1 19 -1 19 -1 19 -1 #SUP: 243 #DPOWER: 0.989
22 -1 21 -1 19 -1 19 -1 19 -1 19 -1 22 -1 #SUP: 249 #DPOWER: 0.991
21 -1 19 -1 22 -1 19 -1 19 -1 #SUP: 253 #DPOWER: 0.993
21 -1 19 -1 22 -1 21 -1 22 -1 #SUP: 242 #DPOWER: 0.989
21 -1 19 -1 22 -1 21 -1 19 -1 19 -1 #SUP: 249 #DPOWER: 0.991
21 -1 19 -1 3 -1 22 -1 #SUP: 258 #DPOWER: 0.994
21 -1 19 -1 3 -1 22 -1 22 -1 #SUP: 243 #DPOWER: 0.989
21 -1 19 -1 3 -1 22 -1 19 -1 #SUP: 246 #DPOWER: 0.990
21 -1 19 -1 3 -1 19 -1 #SUP: 248 #DPOWER: 0.991
21 -1 19 -1 19 -1 22 -1 #SUP: 263 #DPOWER: 0.996
21 -1 19 -1 19 -1 22 -1 22 -1 #SUP: 246 #DPOWER: 0.990
21 -1 19 -1 19 -1 22 -1 19 -1 #SUP: 248 #DPOWER: 0.991
21 -1 19 -1 19 -1 22 -1 21 -1 #SUP: 244 #DPOWER: 0.990
21 -1 19 -1 19 -1 3 -1 #SUP: 256 #DPOWER: 0.994
21 -1 19 -1 19 -1 3 -1 22 -1 #SUP: 253 #DPOWER: 0.993
21 -1 19 -1 19 -1 19 -1 #SUP: 268 #DPOWER: 0.900
21 -1 19 -1 19 -1 19 -1 22 -1 #SUP: 260 #DPOWER: 0.995
21 -1 19 -1 19 -1 19 -1 22 -1 22 -1 #SUP: 244 #DPOWER: 0.990
21 -1 19 -1 19 -1 19 -1 22 -1 19 -1 #SUP: 246 #DPOWER: 0.990
21 -1 19 -1 19 -1 19 -1 22 -1 21 -1 #SUP: 242 #DPOWER: 0.989
21 -1 19 -1 19 -1 19 -1 3 -1 #SUP: 251 #DPOWER: 0.992
21 -1 19 -1 19 -1 19 -1 3 -1 22 -1 #SUP: 248 #DPOWER: 0.991
21 -1 19 -1 19 -1 19 -1 19 -1 #SUP: 266 #DPOWER: 0.947
21 -1 19 -1 19 -1 19 -1 19 -1 22 -1 #SUP: 256 #DPOWER: 0.994
21 -1 19 -1 19 -1 19 -1 19 -1 3 -1 #SUP: 247 #DPOWER: 0.991
21 -1 19 -1 19 -1 19 -1 19 -1 3 -1 22 -1 #SUP: 244 #DPOWER: 0.990
21 -1 19 -1 19 -1 19 -1 19 -1 19 -1 22 -1 #SUP: 251 #DPOWER: 0.992
21 -1 19 -1 19 -1 19 -1 19 -1 19 -1 19 -1 #SUP: 259 #DPOWER: 0.983
21 -1 19 -1 19 -1 19 -1 19 -1 19 -1 19 -1 22 -1 #SUP: 245 #DPOWER: 0.990
21 -1 19 -1 19 -1 19 -1 19 -1 19 -1 19 -1 19 -1 #SUP: 254 #DPOWER: 0.989
21 -1 19 -1 19 -1 19 -1 19 -1 19 -1 19 -1 19 -1 22 -1 #SUP: 242 #DPOWER: 0.989
21 -1 19 -1 19 -1 19 -1 19 -1 19 -1 19 -1 19 -1 19 -1 #SUP: 248 #DPOWER: 0.991
21 -1 19 -1 19 -1 19 -1 19 -1 19 -1 21 -1 19 -1 #SUP: 245 #DPOWER: 0.990
21 -1 21 -1 19 -1 19 -1 19 -1 19 -1 21 -1 19 -1 #SUP: 245 #DPOWER: 0.990
21 -1 19 -1 19 -1 19 -1 19 -1 21 -1 #SUP: 256 #DPOWER: 0.994
21 -1 19 -1 19 -1 19 -1 19 -1 21 -1 22 -1 #SUP: 243 #DPOWER: 0.989
21 -1 19 -1 19 -1 19 -1 19 -1 21 -1 19 -1 #SUP: 255 #DPOWER: 0.993
21 -1 19 -1 19 -1 19 -1 19 -1 21 -1 19 -1 22 -1 #SUP: 242 #DPOWER: 0.989
21 -1 19 -1 19 -1 19 -1 19 -1 21 -1 19 -1 19 -1 #SUP: 253 #DPOWER: 0.993
21 -1 19 -1 19 -1 19 -1 19 -1 21 -1 19 -1 19 -1 19 -1 #SUP: 247 #DPOWER: 0.991
21 -1 19 -1 19 -1 19 -1 19 -1 21 -1 21 -1 #SUP: 242 #DPOWER: 0.989
21 -1 19 -1 19 -1 19 -1 21 -1 19 -1 #SUP: 259 #DPOWER: 0.991
21 -1 19 -1 19 -1 21 -1 19 -1 21 -1 22 -1 #SUP: 247 #DPOWER: 0.991
21 -1 19 -1 19 -1 19 -1 21 -1 3 -1 #SUP: 243 #DPOWER: 0.989
21 -1 19 -1 19 -1 19 -1 21 -1 19 -1 22 -1 #SUP: 246 #DPOWER: 0.990
22 -1 22 -1 19 -1 21 -1 19 -1 22 -1 #SUP: 242 #DPOWER: 0.989
22 -1 21 -1 19 -1 19 -1 21 -1 19 -1 19 -1 19 -1 #SUP: 247 #DPOWER: 0.991
21 -1 19 -1 19 -1 19 -1 21 -1 19 -1 3 -1 #SUP: 242 #DPOWER: 0.989
22 -1 21 -1 19 -1 19 -1 19 -1 19 -1 19 -1 19 -1 19 -1 19 -1 #SUP: 242 #DPOWER: 0.989
21 -1 19 -1 19 -1 19 -1 21 -1 19 -1 19 -1 #SUP: 254 #DPOWER: 0.993
21 -1 19 -1 19 -1 19 -1 21 -1 19 -1 19 -1 22 -1 #SUP: 243 #DPOWER: 0.989
21 -1 19 -1 19 -1 21 -1 19 -1 21 -1 19 -1 19 -1 19 -1 #SUP: 250 #DPOWER: 0.992
21 -1 19 -1 19 -1 19 -1 21 -1 19 -1 19 -1 19 -1 19 -1 #SUP: 248 #DPOWER: 0.991
21 -1 19 -1 19 -1 19 -1 21 -1 19 -1 19 -1 19 -1 19 -1 19 -1 #SUP: 243 #DPOWER: 0.989
21 -1 19 -1 19 -1 19 -1 21 -1 19 -1 21 -1 #SUP: 249 #DPOWER: 0.991
21 -1 19 -1 19 -1 19 -1 21 -1 19 -1 21 -1 19 -1 #SUP: 248 #DPOWER: 0.991
21 -1 19 -1 19 -1 19 -1 21 -1 19 -1 21 -1 19 -1 19 -1 #SUP: 246 #DPOWER: 0.990
21 -1 19 -1 19 -1 19 -1 21 -1 19 -1 21 -1 19 -1 19 -1 19 -1 #SUP: 243 #DPOWER: 0.989
21 -1 19 -1 21 -1 19 -1 19 -1 19 -1 21 -1 22 -1 #SUP: 242 #DPOWER: 0.989
21 -1 19 -1 19 -1 21 -1 19 -1 #SUP: 264 #DPOWER: 0.974
21 -1 19 -1 19 -1 21 -1 19 -1 22 -1 #SUP: 253 #DPOWER: 0.993
21 -1 19 -1 19 -1 21 -1 19 -1 3 -1 22 -1 #SUP: 244 #DPOWER: 0.990
21 -1 19 -1 19 -1 21 -1 19 -1 19 -1 #SUP: 262 #DPOWER: 0.992
21 -1 19 -1 19 -1 21 -1 19 -1 19 -1 22 -1 #SUP: 250 #DPOWER: 0.992
21 -1 19 -1 19 -1 21 -1 19 -1 19 -1 3 -1 #SUP: 242 #DPOWER: 0.989
21 -1 19 -1 19 -1 21 -1 19 -1 19 -1 19 -1 #SUP: 257 #DPOWER: 0.994
22 -1 22 -1 22 -1 19 -1 #SUP: 255 #DPOWER: 0.990
21 -1 19 -1 19 -1 21 -1 19 -1 19 -1 19 -1 22 -1 #SUP: 244 #DPOWER: 0.990
21 -1 19 -1 19 -1 21 -1 19 -1 19 -1 19 -1 19 -1 #SUP: 254 #DPOWER: 0.993
21 -1 19 -1 19 -1 21 -1 19 -1 19 -1 19 -1 19 -1 19 -1 #SUP: 248 #DPOWER: 0.991
21 -1 19 -1 19 -1 21 -1 19 -1 19 -1 21 -1 19 -1 #SUP: 249 #DPOWER: 0.991
21 -1 19 -1 19 -1 21 -1 19 -1 21 -1 #SUP: 258 #DPOWER: 0.994
21 -1 19 -1 19 -1 21 -1 19 -1 21 -1 19 -1 #SUP: 257 #DPOWER: 0.994
21 -1 21 -1 19 -1 19 -1 21 -1 19 -1 #SUP: 258 #DPOWER: 0.994
21 -1 19 -1 19 -1 21 -1 19 -1 21 -1 19 -1 22 -1 #SUP: 245 #DPOWER: 0.990
21 -1 19 -1 19 -1 21 -1 19 -1 21 -1 19 -1 19 -1 #SUP: 252 #DPOWER: 0.992
21 -1 19 -1 19 -1 21 -1 19 -1 21 -1 19 -1 19 -1 19 -1 19 -1 #SUP: 246 #DPOWER: 0.990
21 -1 19 -1 19 -1 21 -1 19 -1 21 -1 19 -1 21 -1 19 -1 #SUP: 243 #DPOWER: 0.989
21 -1 19 -1 19 -1 21 -1 19 -1 21 -1 21 -1 #SUP: 244 #DPOWER: 0.990
21 -1 19 -1 21 -1 19 -1 #SUP: 268 #DPOWER: 0.938
21 -1 21 -1 19 -1 19 -1 #SUP: 268 #DPOWER: 0.959
21 -1 19 -1 21 -1 19 -1 22 -1 #SUP: 259 #DPOWER: 0.995
21 -1 19 -1 21 -1 19 -1 19 -1 22 -1 22 -1 #SUP: 243 #DPOWER: 0.989
22 -1 22 -1 21 -1 19 -1 19 -1 21 -1 19 -1 #SUP: 246 #DPOWER: 0.990
21 -1 19 -1 21 -1 19 -1 22 -1 19 -1 #SUP: 245 #DPOWER: 0.990
21 -1 19 -1 21 -1 3 -1 #SUP: 253 #DPOWER: 0.993
21 -1 19 -1 21 -1 3 -1 22 -1 #SUP: 250 #DPOWER: 0.992
21 -1 19 -1 21 -1 19 -1 3 -1 #SUP: 252 #DPOWER: 0.992
22 -1 21 -1 19 -1 21 -1 19 -1 19 -1 19 -1 19 -1 #SUP: 253 #DPOWER: 0.993
21 -1 19 -1 21 -1 19 -1 3 -1 22 -1 #SUP: 249 #DPOWER: 0.991
21 -1 19 -1 21 -1 19 -1 19 -1 #SUP: 267 #DPOWER: 0.965
21 -1 19 -1 21 -1 19 -1 19 -1 22 -1 #SUP: 256 #DPOWER: 0.994
21 -1 21 -1 19 -1 19 -1 19 -1 19 -1 19 -1 #SUP: 257 #DPOWER: 0.994
21 -1 19 -1 21 -1 19 -1 19 -1 3 -1 #SUP: 247 #DPOWER: 0.991
22 -1 22 -1 22 -1 21 -1 19 -1 #SUP: 245 #DPOWER: 0.990
21 -1 19 -1 21 -1 19 -1 19 -1 3 -1 22 -1 #SUP: 244 #DPOWER: 0.990
22 -1 21 -1 19 -1 19 -1 19 -1 21 -1 19 -1 19 -1 #SUP: 246 #DPOWER: 0.990
21 -1 19 -1 21 -1 19 -1 19 -1 19 -1 #SUP: 264 #DPOWER: 0.985
21 -1 19 -1 21 -1 19 -1 19 -1 19 -1 22 -1 #SUP: 254 #DPOWER: 0.993
21 -1 19 -1 21 -1 19 -1 19 -1 19 -1 3 -1 #SUP: 245 #DPOWER: 0.990
21 -1 19 -1 21 -1 19 -1 19 -1 19 -1 3 -1 22 -1 #SUP: 242 #DPOWER: 0.989
21 -1 19 -1 21 -1 19 -1 19 -1 19 -1 19 -1 #SUP: 260 #DPOWER: 0.991
21 -1 19 -1 21 -1 19 -1 19 -1 19 -1 19 -1 22 -1 #SUP: 249 #DPOWER: 0.991
21 -1 19 -1 21 -1 19 -1 19 -1 19 -1 19 -1 19 -1 #SUP: 256 #DPOWER: 0.994
21 -1 19 -1 21 -1 19 -1 19 -1 19 -1 19 -1 19 -1 22 -1 #SUP: 242 #DPOWER: 0.989
21 -1 19 -1 21 -1 19 -1 19 -1 19 -1 19 -1 19 -1 19 -1 #SUP: 249 #DPOWER: 0.991
22 -1 19 -1 22 -1 21 -1 19 -1 19 -1 #SUP: 247 #DPOWER: 0.991
21 -1 19 -1 21 -1 19 -1 19 -1 19 -1 19 -1 19 -1 19 -1 19 -1 #SUP: 242 #DPOWER: 0.989
21 -1 19 -1 21 -1 19 -1 19 -1 19 -1 21 -1 #SUP: 254 #DPOWER: 0.993
21 -1 21 -1 19 -1 19 -1 19 -1 21 -1 19 -1 #SUP: 254 #DPOWER: 0.993
21 -1 19 -1 21 -1 19 -1 19 -1 19 -1 21 -1 19 -1 #SUP: 253 #DPOWER: 0.993
21 -1 19 -1 21 -1 19 -1 19 -1 19 -1 21 -1 19 -1 19 -1 19 -1 #SUP: 243 #DPOWER: 0.989
21 -1 19 -1 21 -1 19 -1 19 -1 21 -1 19 -1 #SUP: 257 #DPOWER: 0.994
21 -1 19 -1 21 -1 19 -1 19 -1 21 -1 19 -1 19 -1 #SUP: 251 #DPOWER: 0.992
21 -1 19 -1 21 -1 19 -1 21 -1 19 -1 21 -1 19 -1 19 -1 19 -1 #SUP: 247 #DPOWER: 0.991
21 -1 19 -1 21 -1 19 -1 19 -1 21 -1 19 -1 19 -1 19 -1 19 -1 #SUP: 243 #DPOWER: 0.989
21 -1 19 -1 21 -1 19 -1 19 -1 21 -1 19 -1 21 -1 #SUP: 246 #DPOWER: 0.990
21 -1 19 -1 21 -1 19 -1 19 -1 21 -1 19 -1 21 -1 19 -1 #SUP: 245 #DPOWER: 0.990
21 -1 19 -1 21 -1 19 -1 19 -1 21 -1 19 -1 21 -1 19 -1 19 -1 #SUP: 242 #DPOWER: 0.989
21 -1 19 -1 21 -1 19 -1 21 -1 19 -1 #SUP: 263 #DPOWER: 0.992
22 -1 22 -1 21 -1 19 -1 19 -1 #SUP: 261 #DPOWER: 0.995
21 -1 19 -1 21 -1 19 -1 21 -1 19 -1 3 -1 #SUP: 244 #DPOWER: 0.990
21 -1 19 -1 21 -1 19 -1 21 -1 19 -1 19 -1 #SUP: 259 #DPOWER: 0.995
21 -1 19 -1 21 -1 19 -1 21 -1 19 -1 19 -1 22 -1 #SUP: 247 #DPOWER: 0.991
21 -1 19 -1 21 -1 19 -1 21 -1 19 -1 19 -1 19 -1 #SUP: 254 #DPOWER: 0.993
21 -1 19 -1 21 -1 19 -1 21 -1 19 -1 19 -1 19 -1 19 -1 19 -1 #SUP: 243 #DPOWER: 0.989
21 -1 19 -1 21 -1 19 -1 21 -1 19 -1 19 -1 21 -1 19 -1 19 -1 #SUP: 243 #DPOWER: 0.989
22 -1 19 -1 19 -1 21 -1 19 -1 21 -1 19 -1 19 -1 19 -1 #SUP: 244 #DPOWER: 0.990
21 -1 19 -1 21 -1 19 -1 21 -1 19 -1 21 -1 #SUP: 255 #DPOWER: 0.993
21 -1 19 -1 21 -1 19 -1 21 -1 19 -1 21 -1 19 -1 #SUP: 254 #DPOWER: 0.993
21 -1 19 -1 21 -1 19 -1 21 -1 19 -1 21 -1 19 -1 22 -1 #SUP: 242 #DPOWER: 0.989
21 -1 19 -1 21 -1 19 -1 21 -1 19 -1 21 -1 19 -1 19 -1 #SUP: 248 #DPOWER: 0.991
21 -1 19 -1 21 -1 19 -1 21 -1 21 -1 19 -1 19 -1 19 -1 19 -1 #SUP: 242 #DPOWER: 0.989
21 -1 21 -1 19 -1 22 -1 #SUP: 262 #DPOWER: 0.996
21 -1 21 -1 19 -1 22 -1 22 -1 #SUP: 245 #DPOWER: 0.990
21 -1 21 -1 19 -1 22 -1 19 -1 #SUP: 254 #DPOWER: 0.993
21 -1 21 -1 19 -1 22 -1 21 -1 19 -1 #SUP: 248 #DPOWER: 0.991
21 -1 21 -1 3 -1 #SUP: 254 #DPOWER: 0.993
21 -1 21 -1 3 -1 22 -1 #SUP: 252 #DPOWER: 0.992
21 -1 21 -1 19 -1 3 -1 #SUP: 253 #DPOWER: 0.993
21 -1 21 -1 19 -1 3 -1 22 -1 #SUP: 251 #DPOWER: 0.992
21 -1 21 -1 19 -1 19 -1 22 -1 #SUP: 257 #DPOWER: 0.994
21 -1 21 -1 19 -1 19 -1 19 -1 22 -1 #SUP: 255 #DPOWER: 0.993
21 -1 21 -1 19 -1 19 -1 19 -1 19 -1 #SUP: 262 #DPOWER: 0.988
21 -1 21 -1 19 -1 19 -1 19 -1 19 -1 22 -1 #SUP: 252 #DPOWER: 0.992
21 -1 21 -1 19 -1 19 -1 19 -1 19 -1 3 -1 #SUP: 243 #DPOWER: 0.989
21 -1 21 -1 19 -1 19 -1 19 -1 19 -1 19 -1 22 -1 #SUP: 243 #DPOWER: 0.989
21 -1 21 -1 19 -1 19 -1 19 -1 19 -1 19 -1 19 -1 #SUP: 250 #DPOWER: 0.992
21 -1 21 -1 19 -1 19 -1 19 -1 19 -1 19 -1 19 -1 19 -1 #SUP: 244 #DPOWER: 0.990
21 -1 21 -1 19 -1 19 -1 19 -1 19 -1 21 -1 #SUP: 246 #DPOWER: 0.990
21 -1 21 -1 19 -1 19 -1 19 -1 21 -1 19 -1 19 -1 #SUP: 250 #DPOWER: 0.992
21 -1 21 -1 19 -1 21 -1 19 -1 21 -1 22 -1 #SUP: 247 #DPOWER: 0.991
21 -1 21 -1 19 -1 19 -1 21 -1 3 -1 #SUP: 242 #DPOWER: 0.989
22 -1 19 -1 19 -1 21 -1 19 -1 19 -1 22 -1 #SUP: 245 #DPOWER: 0.990
21 -1 21 -1 19 -1 21 -1 19 -1 21 -1 19 -1 22 -1 #SUP: 245 #DPOWER: 0.990
21 -1 21 -1 19 -1 19 -1 21 -1 19 -1 19 -1 #SUP: 252 #DPOWER: 0.992
21 -1 21 -1 19 -1 19 -1 21 -1 19 -1 19 -1 22 -1 #SUP: 243 #DPOWER: 0.989
21 -1 21 -1 19 -1 19 -1 21 -1 19 -1 19 -1 19 -1 19 -1 #SUP: 244 #DPOWER: 0.990
21 -1 21 -1 19 -1 19 -1 21 -1 19 -1 21 -1 19 -1 19 -1 #SUP: 243 #DPOWER: 0.989
21 -1 21 -1 19 -1 21 -1 19 -1 #SUP: 264 #DPOWER: 0.989
21 -1 21 -1 19 -1 21 -1 19 -1 19 -1 #SUP: 260 #DPOWER: 0.991
21 -1 21 -1 19 -1 21 -1 19 -1 19 -1 22 -1 #SUP: 249 #DPOWER: 0.991
21 -1 21 -1 19 -1 21 -1 19 -1 19 -1 3 -1 #SUP: 242 #DPOWER: 0.989
21 -1 21 -1 19 -1 21 -1 19 -1 19 -1 19 -1 #SUP: 257 #DPOWER: 0.994
21 -1 21 -1 19 -1 21 -1 19 -1 19 -1 19 -1 19 -1 #SUP: 252 #DPOWER: 0.992
21 -1 21 -1 19 -1 21 -1 19 -1 19 -1 19 -1 21 -1 #SUP: 243 #DPOWER: 0.989
21 -1 21 -1 19 -1 21 -1 19 -1 19 -1 21 -1 19 -1 #SUP: 249 #DPOWER: 0.991
21 -1 21 -1 19 -1 21 -1 19 -1 21 -1 19 -1 #SUP: 256 #DPOWER: 0.994
21 -1 21 -1 19 -1 21 -1 19 -1 21 -1 19 -1 19 -1 #SUP: 250 #DPOWER: 0.992
22 -1 22 -1 #SUP: 269 #DPOWER: 0.920
22 -1 22 -1 22 -1 #SUP: 262 #DPOWER: 0.974
22 -1 22 -1 22 -1 22 -1 #SUP: 250 #DPOWER: 0.988
22 -1 22 -1 3 -1 #SUP: 252 #DPOWER: 0.992
22 -1 22 -1 3 -1 22 -1 #SUP: 250 #DPOWER: 0.992
22 -1 22 -1 19 -1 #SUP: 268 #DPOWER: 0.983
22 -1 22 -1 19 -1 22 -1 #SUP: 260 #DPOWER: 0.995
22 -1 22 -1 19 -1 22 -1 22 -1 #SUP: 244 #DPOWER: 0.990
22 -1 22 -1 19 -1 19 -1 #SUP: 264 #DPOWER: 0.997
22 -1 22 -1 19 -1 19 -1 22 -1 #SUP: 253 #DPOWER: 0.993
22 -1 22 -1 19 -1 19 -1 3 -1 #SUP: 242 #DPOWER: 0.989
22 -1 22 -1 19 -1 19 -1 19 -1 #SUP: 261 #DPOWER: 0.995
22 -1 22 -1 19 -1 19 -1 19 -1 22 -1 #SUP: 248 #DPOWER: 0.991
22 -1 22 -1 19 -1 19 -1 19 -1 19 -1 #SUP: 254 #DPOWER: 0.993
22 -1 22 -1 19 -1 19 -1 19 -1 19 -1 22 -1 #SUP: 242 #DPOWER: 0.989
22 -1 22 -1 19 -1 19 -1 19 -1 19 -1 19 -1 #SUP: 249 #DPOWER: 0.991
22 -1 22 -1 19 -1 19 -1 19 -1 21 -1 19 -1 #SUP: 242 #DPOWER: 0.989
22 -1 22 -1 21 -1 19 -1 19 -1 21 -1 #SUP: 247 #DPOWER: 0.991
22 -1 22 -1 21 -1 19 -1 19 -1 21 -1 19 -1 19 -1 #SUP: 242 #DPOWER: 0.989
22 -1 22 -1 19 -1 21 -1 19 -1 #SUP: 255 #DPOWER: 0.993
22 -1 22 -1 19 -1 21 -1 22 -1 #SUP: 243 #DPOWER: 0.989
22 -1 22 -1 19 -1 21 -1 19 -1 19 -1 #SUP: 253 #DPOWER: 0.993
22 -1 22 -1 19 -1 21 -1 19 -1 21 -1 #SUP: 246 #DPOWER: 0.990
22 -1 22 -1 21 -1 19 -1 #SUP: 264 #DPOWER: 0.993
22 -1 22 -1 21 -1 22 -1 #SUP: 258 #DPOWER: 0.994
22 -1 22 -1 21 -1 22 -1 22 -1 #SUP: 243 #DPOWER: 0.989
22 -1 22 -1 21 -1 22 -1 19 -1 #SUP: 251 #DPOWER: 0.992
22 -1 22 -1 21 -1 3 -1 #SUP: 247 #DPOWER: 0.991
22 -1 22 -1 21 -1 3 -1 22 -1 #SUP: 245 #DPOWER: 0.990
22 -1 22 -1 21 -1 19 -1 22 -1 #SUP: 257 #DPOWER: 0.994
22 -1 22 -1 21 -1 19 -1 22 -1 22 -1 #SUP: 242 #DPOWER: 0.989
22 -1 22 -1 21 -1 19 -1 22 -1 19 -1 #SUP: 250 #DPOWER: 0.992
22 -1 22 -1 21 -1 19 -1 3 -1 #SUP: 244 #DPOWER: 0.990
22 -1 22 -1 21 -1 19 -1 3 -1 22 -1 #SUP: 242 #DPOWER: 0.989
22 -1 19 -1 3 -1 22 -1 22 -1 #SUP: 243 #DPOWER: 0.989
22 -1 22 -1 21 -1 19 -1 19 -1 22 -1 #SUP: 250 #DPOWER: 0.992
22 -1 22 -1 21 -1 19 -1 19 -1 19 -1 #SUP: 258 #DPOWER: 0.994
22 -1 22 -1 21 -1 19 -1 19 -1 19 -1 22 -1 #SUP: 246 #DPOWER: 0.990
22 -1 22 -1 21 -1 19 -1 19 -1 19 -1 19 -1 #SUP: 252 #DPOWER: 0.992
22 -1 22 -1 21 -1 19 -1 19 -1 19 -1 19 -1 19 -1 #SUP: 246 #DPOWER: 0.990
22 -1 22 -1 21 -1 19 -1 21 -1 19 -1 #SUP: 253 #DPOWER: 0.993
22 -1 22 -1 21 -1 19 -1 21 -1 19 -1 19 -1 #SUP: 251 #DPOWER: 0.992
22 -1 22 -1 21 -1 19 -1 21 -1 19 -1 21 -1 #SUP: 245 #DPOWER: 0.990
22 -1 22 -1 21 -1 19 -1 21 -1 19 -1 21 -1 19 -1 #SUP: 244 #DPOWER: 0.990
22 -1 22 -1 21 -1 21 -1 19 -1 #SUP: 254 #DPOWER: 0.993
22 -1 3 -1 22 -1 #SUP: 258 #DPOWER: 0.983
22 -1 3 -1 22 -1 22 -1 #SUP: 248 #DPOWER: 0.991
22 -1 3 -1 22 -1 19 -1 #SUP: 250 #DPOWER: 0.992
22 -1 3 -1 22 -1 21 -1 #SUP: 242 #DPOWER: 0.989
22 -1 19 -1 19 -1 #SUP: 270 #DPOWER: 0.960
22 -1 19 -1 22 -1 #SUP: 268 #DPOWER: 0.965
22 -1 19 -1 22 -1 22 -1 #SUP: 256 #DPOWER: 0.982
22 -1 19 -1 22 -1 22 -1 19 -1 #SUP: 248 #DPOWER: 0.991
22 -1 19 -1 22 -1 3 -1 #SUP: 242 #DPOWER: 0.989
22 -1 19 -1 22 -1 19 -1 #SUP: 264 #DPOWER: 0.997
22 -1 19 -1 22 -1 19 -1 22 -1 #SUP: 247 #DPOWER: 0.991
22 -1 21 -1 19 -1 21 -1 19 -1 19 -1 21 -1 19 -1 #SUP: 250 #DPOWER: 0.992
22 -1 19 -1 22 -1 19 -1 19 -1 #SUP: 253 #DPOWER: 0.993
22 -1 19 -1 22 -1 19 -1 19 -1 19 -1 #SUP: 247 #DPOWER: 0.991
22 -1 19 -1 22 -1 21 -1 19 -1 #SUP: 256 #DPOWER: 0.994
22 -1 19 -1 22 -1 21 -1 22 -1 #SUP: 245 #DPOWER: 0.990
22 -1 19 -1 22 -1 21 -1 19 -1 22 -1 #SUP: 242 #DPOWER: 0.989
22 -1 19 -1 3 -1 22 -1 #SUP: 256 #DPOWER: 0.986
22 -1 19 -1 3 -1 22 -1 19 -1 #SUP: 246 #DPOWER: 0.990
22 -1 19 -1 3 -1 19 -1 #SUP: 247 #DPOWER: 0.991
22 -1 19 -1 19 -1 22 -1 #SUP: 263 #DPOWER: 0.985
22 -1 19 -1 19 -1 22 -1 22 -1 #SUP: 244 #DPOWER: 0.986
22 -1 19 -1 19 -1 22 -1 19 -1 #SUP: 253 #DPOWER: 0.993
22 -1 19 -1 19 -1 3 -1 22 -1 #SUP: 250 #DPOWER: 0.988
22 -1 19 -1 19 -1 19 -1 #SUP: 269 #DPOWER: 0.976
22 -1 19 -1 19 -1 19 -1 22 -1 #SUP: 257 #DPOWER: 0.990
22 -1 19 -1 19 -1 19 -1 22 -1 22 -1 #SUP: 243 #DPOWER: 0.989
22 -1 19 -1 19 -1 19 -1 22 -1 19 -1 #SUP: 243 #DPOWER: 0.989
22 -1 19 -1 19 -1 19 -1 19 -1 #SUP: 264 #DPOWER: 0.989
22 -1 19 -1 19 -1 19 -1 19 -1 22 -1 #SUP: 255 #DPOWER: 0.993
22 -1 21 -1 19 -1 19 -1 21 -1 19 -1 19 -1 #SUP: 253 #DPOWER: 0.993
22 -1 19 -1 19 -1 19 -1 19 -1 3 -1 #SUP: 243 #DPOWER: 0.989
22 -1 19 -1 19 -1 19 -1 19 -1 19 -1 #SUP: 259 #DPOWER: 0.995
22 -1 19 -1 19 -1 19 -1 19 -1 19 -1 19 -1 #SUP: 254 #DPOWER: 0.993
22 -1 19 -1 19 -1 19 -1 19 -1 19 -1 19 -1 22 -1 #SUP: 244 #DPOWER: 0.990
22 -1 19 -1 19 -1 19 -1 19 -1 19 -1 19 -1 19 -1 19 -1 #SUP: 244 #DPOWER: 0.990
22 -1 19 -1 19 -1 19 -1 19 -1 21 -1 #SUP: 250 #DPOWER: 0.992
22 -1 19 -1 19 -1 19 -1 19 -1 21 -1 19 -1 #SUP: 249 #DPOWER: 0.991
22 -1 19 -1 19 -1 19 -1 19 -1 21 -1 19 -1 19 -1 #SUP: 246 #DPOWER: 0.990
22 -1 19 -1 19 -1 19 -1 19 -1 21 -1 19 -1 19 -1 19 -1 #SUP: 242 #DPOWER: 0.989
22 -1 19 -1 19 -1 19 -1 21 -1 19 -1 #SUP: 252 #DPOWER: 0.992
22 -1 19 -1 19 -1 19 -1 21 -1 22 -1 #SUP: 243 #DPOWER: 0.989
22 -1 19 -1 19 -1 19 -1 21 -1 19 -1 19 -1 #SUP: 248 #DPOWER: 0.991
22 -1 19 -1 19 -1 19 -1 21 -1 19 -1 19 -1 19 -1 19 -1 #SUP: 242 #DPOWER: 0.989
22 -1 19 -1 19 -1 19 -1 21 -1 19 -1 21 -1 #SUP: 244 #DPOWER: 0.990
22 -1 21 -1 19 -1 19 -1 19 -1 3 -1 #SUP: 243 #DPOWER: 0.989
22 -1 19 -1 19 -1 19 -1 21 -1 19 -1 21 -1 19 -1 #SUP: 243 #DPOWER: 0.989
22 -1 19 -1 19 -1 21 -1 19 -1 #SUP: 261 #DPOWER: 0.992
22 -1 19 -1 19 -1 21 -1 3 -1 #SUP: 244 #DPOWER: 0.990
22 -1 19 -1 21 -1 19 -1 19 -1 3 -1 #SUP: 242 #DPOWER: 0.989
22 -1 19 -1 19 -1 21 -1 19 -1 3 -1 #SUP: 242 #DPOWER: 0.989
22 -1 19 -1 19 -1 21 -1 19 -1 19 -1 #SUP: 256 #DPOWER: 0.994
22 -1 19 -1 19 -1 21 -1 19 -1 19 -1 19 -1 #SUP: 249 #DPOWER: 0.991
22 -1 19 -1 21 -1 19 -1 3 -1 #SUP: 248 #DPOWER: 0.991
22 -1 21 -1 19 -1 21 -1 19 -1 19 -1 19 -1 21 -1 #SUP: 248 #DPOWER: 0.991
22 -1 21 -1 21 -1 19 -1 19 -1 19 -1 21 -1 19 -1 #SUP: 248 #DPOWER: 0.991
22 -1 19 -1 19 -1 21 -1 19 -1 19 -1 19 -1 19 -1 #SUP: 247 #DPOWER: 0.991
22 -1 19 -1 19 -1 21 -1 19 -1 19 -1 19 -1 19 -1 19 -1 #SUP: 245 #DPOWER: 0.990
22 -1 19 -1 19 -1 21 -1 19 -1 19 -1 21 -1 19 -1 #SUP: 242 #DPOWER: 0.989
22 -1 19 -1 19 -1 21 -1 19 -1 21 -1 #SUP: 250 #DPOWER: 0.992
22 -1 19 -1 19 -1 21 -1 19 -1 21 -1 22 -1 #SUP: 242 #DPOWER: 0.989
22 -1 19 -1 19 -1 21 -1 19 -1 21 -1 19 -1 #SUP: 249 #DPOWER: 0.991
22 -1 21 -1 19 -1 19 -1 3 -1 #SUP: 248 #DPOWER: 0.991
22 -1 19 -1 21 -1 19 -1 #SUP: 266 #DPOWER: 0.982
22 -1 19 -1 21 -1 19 -1 22 -1 #SUP: 258 #DPOWER: 0.991
22 -1 19 -1 21 -1 22 -1 22 -1 #SUP: 244 #DPOWER: 0.990
22 -1 19 -1 21 -1 3 -1 #SUP: 249 #DPOWER: 0.991
22 -1 19 -1 21 -1 3 -1 22 -1 #SUP: 247 #DPOWER: 0.991
22 -1 19 -1 21 -1 19 -1 22 -1 22 -1 #SUP: 242 #DPOWER: 0.989
22 -1 19 -1 21 -1 19 -1 3 -1 22 -1 #SUP: 245 #DPOWER: 0.990
22 -1 19 -1 21 -1 19 -1 19 -1 #SUP: 264 #DPOWER: 0.993
22 -1 19 -1 21 -1 19 -1 19 -1 22 -1 #SUP: 253 #DPOWER: 0.993
22 -1 19 -1 21 -1 19 -1 19 -1 19 -1 #SUP: 259 #DPOWER: 0.995
22 -1 19 -1 21 -1 19 -1 19 -1 19 -1 19 -1 #SUP: 256 #DPOWER: 0.994
22 -1 19 -1 21 -1 19 -1 19 -1 19 -1 19 -1 22 -1 #SUP: 244 #DPOWER: 0.990
22 -1 19 -1 21 -1 19 -1 19 -1 19 -1 19 -1 19 -1 #SUP: 251 #DPOWER: 0.992
22 -1 19 -1 21 -1 19 -1 19 -1 19 -1 19 -1 19 -1 19 -1 #SUP: 247 #DPOWER: 0.991
22 -1 19 -1 21 -1 19 -1 19 -1 19 -1 21 -1 19 -1 19 -1 #SUP: 244 #DPOWER: 0.990
22 -1 21 -1 19 -1 19 -1 19 -1 19 -1 21 -1 19 -1 19 -1 #SUP: 244 #DPOWER: 0.990
22 -1 19 -1 21 -1 19 -1 19 -1 21 -1 19 -1 #SUP: 251 #DPOWER: 0.992
22 -1 19 -1 21 -1 19 -1 19 -1 21 -1 22 -1 #SUP: 242 #DPOWER: 0.989
22 -1 19 -1 21 -1 19 -1 19 -1 21 -1 19 -1 19 -1 #SUP: 247 #DPOWER: 0.991
22 -1 19 -1 21 -1 19 -1 19 -1 21 -1 19 -1 21 -1 #SUP: 243 #DPOWER: 0.989
22 -1 21 -1 19 -1 19 -1 19 -1 21 -1 19 -1 21 -1 #SUP: 243 #DPOWER: 0.989
22 -1 19 -1 21 -1 19 -1 19 -1 21 -1 19 -1 21 -1 19 -1 #SUP: 242 #DPOWER: 0.989
22 -1 21 -1 19 -1 19 -1 19 -1 21 -1 19 -1 21 -1 19 -1 #SUP: 242 #DPOWER: 0.989
22 -1 19 -1 21 -1 19 -1 21 -1 22 -1 #SUP: 246 #DPOWER: 0.990
22 -1 21 -1 21 -1 19 -1 3 -1 #SUP: 245 #DPOWER: 0.990
22 -1 19 -1 21 -1 19 -1 21 -1 19 -1 22 -1 #SUP: 245 #DPOWER: 0.990
22 -1 19 -1 21 -1 19 -1 21 -1 19 -1 19 -1 #SUP: 253 #DPOWER: 0.993
22 -1 19 -1 21 -1 19 -1 21 -1 19 -1 19 -1 22 -1 #SUP: 242 #DPOWER: 0.989
22 -1 19 -1 21 -1 19 -1 21 -1 19 -1 19 -1 19 -1 #SUP: 248 #DPOWER: 0.991
22 -1 19 -1 21 -1 19 -1 21 -1 19 -1 19 -1 19 -1 19 -1 #SUP: 245 #DPOWER: 0.990
22 -1 21 -1 19 -1 21 -1 19 -1 21 -1 19 -1 21 -1 #SUP: 248 #DPOWER: 0.991
22 -1 21 -1 19 -1 21 -1 19 -1 21 -1 19 -1 21 -1 19 -1 #SUP: 247 #DPOWER: 0.991
22 -1 19 -1 21 -1 19 -1 21 -1 19 -1 21 -1 19 -1 19 -1 19 -1 #SUP: 242 #DPOWER: 0.989
22 -1 21 -1 19 -1 19 -1 21 -1 19 -1 21 -1 19 -1 19 -1 19 -1 #SUP: 242 #DPOWER: 0.989
22 -1 19 -1 21 -1 21 -1 22 -1 #SUP: 248 #DPOWER: 0.991
22 -1 19 -1 21 -1 21 -1 3 -1 #SUP: 242 #DPOWER: 0.989
22 -1 19 -1 21 -1 21 -1 19 -1 22 -1 #SUP: 247 #DPOWER: 0.991
22 -1 19 -1 21 -1 21 -1 19 -1 19 -1 #SUP: 254 #DPOWER: 0.993
22 -1 19 -1 21 -1 21 -1 19 -1 19 -1 22 -1 #SUP: 243 #DPOWER: 0.989
22 -1 19 -1 21 -1 21 -1 19 -1 19 -1 19 -1 19 -1 19 -1 #SUP: 242 #DPOWER: 0.989
22 -1 19 -1 21 -1 21 -1 19 -1 21 -1 #SUP: 249 #DPOWER: 0.991
22 -1 19 -1 21 -1 21 -1 19 -1 21 -1 19 -1 #SUP: 248 #DPOWER: 0.991
22 -1 21 -1 19 -1 19 -1 #SUP: 268 #DPOWER: 0.991
22 -1 21 -1 19 -1 22 -1 #SUP: 265 #DPOWER: 0.986
22 -1 21 -1 22 -1 22 -1 #SUP: 254 #DPOWER: 0.993
22 -1 21 -1 22 -1 22 -1 19 -1 #SUP: 247 #DPOWER: 0.991
22 -1 21 -1 19 -1 22 -1 19 -1 #SUP: 262 #DPOWER: 0.996
22 -1 21 -1 22 -1 19 -1 22 -1 #SUP: 242 #DPOWER: 0.989
22 -1 21 -1 22 -1 19 -1 19 -1 #SUP: 248 #DPOWER: 0.991
22 -1 21 -1 22 -1 21 -1 19 -1 #SUP: 253 #DPOWER: 0.993
22 -1 21 -1 3 -1 22 -1 #SUP: 254 #DPOWER: 0.993
22 -1 21 -1 3 -1 22 -1 22 -1 #SUP: 242 #DPOWER: 0.989
22 -1 21 -1 3 -1 22 -1 19 -1 #SUP: 245 #DPOWER: 0.990
22 -1 21 -1 19 -1 22 -1 22 -1 #SUP: 250 #DPOWER: 0.992
22 -1 21 -1 19 -1 22 -1 19 -1 19 -1 #SUP: 247 #DPOWER: 0.991
22 -1 21 -1 19 -1 22 -1 19 -1 19 -1 19 -1 #SUP: 243 #DPOWER: 0.989
22 -1 21 -1 19 -1 22 -1 21 -1 19 -1 #SUP: 252 #DPOWER: 0.992
22 -1 21 -1 19 -1 3 -1 #SUP: 253 #DPOWER: 0.993
22 -1 21 -1 19 -1 21 -1 19 -1 21 -1 19 -1 #SUP: 253 #DPOWER: 0.993
22 -1 21 -1 19 -1 3 -1 19 -1 #SUP: 243 #DPOWER: 0.989
22 -1 21 -1 19 -1 19 -1 22 -1 #SUP: 259 #DPOWER: 0.995
22 -1 21 -1 19 -1 19 -1 22 -1 19 -1 #SUP: 244 #DPOWER: 0.990
22 -1 21 -1 19 -1 19 -1 3 -1 22 -1 #SUP: 245 #DPOWER: 0.990
22 -1 21 -1 19 -1 19 -1 19 -1 #SUP: 265 #DPOWER: 0.997
22 -1 21 -1 19 -1 19 -1 19 -1 22 -1 #SUP: 254 #DPOWER: 0.993
22 -1 21 -1 19 -1 19 -1 19 -1 19 -1 #SUP: 261 #DPOWER: 0.995
22 -1 21 -1 19 -1 19 -1 19 -1 19 -1 19 -1 #SUP: 256 #DPOWER: 0.994
22 -1 21 -1 19 -1 19 -1 19 -1 19 -1 19 -1 22 -1 #SUP: 244 #DPOWER: 0.990
22 -1 21 -1 19 -1 19 -1 19 -1 19 -1 19 -1 19 -1 #SUP: 251 #DPOWER: 0.992
22 -1 21 -1 19 -1 19 -1 21 -1 19 -1 #SUP: 257 #DPOWER: 0.994
22 -1 21 -1 19 -1 19 -1 21 -1 22 -1 #SUP: 245 #DPOWER: 0.990
22 -1 21 -1 19 -1 19 -1 21 -1 3 -1 #SUP: 243 #DPOWER: 0.989
22 -1 21 -1 19 -1 19 -1 21 -1 19 -1 22 -1 #SUP: 244 #DPOWER: 0.990
22 -1 21 -1 19 -1 19 -1 21 -1 19 -1 19 -1 19 -1 19 -1 #SUP: 245 #DPOWER: 0.990
22 -1 21 -1 19 -1 19 -1 21 -1 19 -1 19 -1 19 -1 19 -1 19 -1 #SUP: 242 #DPOWER: 0.989
22 -1 21 -1 19 -1 21 -1 19 -1 22 -1 #SUP: 252 #DPOWER: 0.992
22 -1 21 -1 19 -1 21 -1 19 -1 3 -1 #SUP: 244 #DPOWER: 0.990
22 -1 21 -1 19 -1 21 -1 19 -1 19 -1 22 -1 #SUP: 248 #DPOWER: 0.991
22 -1 21 -1 19 -1 21 -1 19 -1 19 -1 19 -1 #SUP: 258 #DPOWER: 0.994
22 -1 21 -1 19 -1 21 -1 19 -1 19 -1 19 -1 22 -1 #SUP: 247 #DPOWER: 0.991
22 -1 21 -1 19 -1 21 -1 19 -1 19 -1 19 -1 19 -1 19 -1 19 -1 #SUP: 244 #DPOWER: 0.990
22 -1 21 -1 19 -1 21 -1 19 -1 19 -1 19 -1 21 -1 19 -1 19 -1 #SUP: 242 #DPOWER: 0.989
22 -1 21 -1 19 -1 21 -1 19 -1 19 -1 21 -1 19 -1 19 -1 #SUP: 245 #DPOWER: 0.990
22 -1 21 -1 19 -1 21 -1 19 -1 19 -1 21 -1 19 -1 21 -1 #SUP: 242 #DPOWER: 0.989
22 -1 21 -1 19 -1 21 -1 19 -1 21 -1 22 -1 #SUP: 243 #DPOWER: 0.989
22 -1 21 -1 19 -1 21 -1 19 -1 21 -1 19 -1 19 -1 #SUP: 250 #DPOWER: 0.992
22 -1 21 -1 19 -1 21 -1 19 -1 21 -1 19 -1 19 -1 19 -1 #SUP: 244 #DPOWER: 0.990
22 -1 21 -1 19 -1 21 -1 19 -1 21 -1 19 -1 19 -1 19 -1 19 -1 #SUP: 243 #DPOWER: 0.989
22 -1 21 -1 21 -1 19 -1 22 -1 19 -1 #SUP: 247 #DPOWER: 0.991
22 -1 21 -1 21 -1 3 -1 22 -1 #SUP: 244 #DPOWER: 0.990
22 -1 21 -1 21 -1 19 -1 3 -1 22 -1 #SUP: 243 #DPOWER: 0.989
22 -1 21 -1 21 -1 19 -1 19 -1 #SUP: 262 #DPOWER: 0.996
22 -1 21 -1 21 -1 19 -1 19 -1 22 -1 #SUP: 249 #DPOWER: 0.991
22 -1 21 -1 21 -1 19 -1 19 -1 19 -1 22 -1 #SUP: 248 #DPOWER: 0.991
22 -1 21 -1 21 -1 19 -1 19 -1 19 -1 19 -1 #SUP: 255 #DPOWER: 0.993
22 -1 21 -1 21 -1 19 -1 19 -1 19 -1 19 -1 22 -1 #SUP: 244 #DPOWER: 0.990
22 -1 21 -1 21 -1 19 -1 19 -1 19 -1 19 -1 19 -1 #SUP: 249 #DPOWER: 0.991
22 -1 21 -1 21 -1 19 -1 19 -1 19 -1 19 -1 19 -1 19 -1 #SUP: 245 #DPOWER: 0.990
22 -1 21 -1 21 -1 19 -1 19 -1 19 -1 21 -1 19 -1 19 -1 #SUP: 243 #DPOWER: 0.989
22 -1 21 -1 21 -1 19 -1 19 -1 21 -1 19 -1 #SUP: 251 #DPOWER: 0.992
22 -1 21 -1 21 -1 19 -1 19 -1 21 -1 22 -1 #SUP: 242 #DPOWER: 0.989
22 -1 21 -1 21 -1 19 -1 19 -1 21 -1 19 -1 19 -1 #SUP: 246 #DPOWER: 0.990
22 -1 21 -1 21 -1 19 -1 19 -1 21 -1 19 -1 19 -1 19 -1 #SUP: 242 #DPOWER: 0.989
22 -1 21 -1 21 -1 19 -1 21 -1 19 -1 19 -1 #SUP: 251 #DPOWER: 0.992
22 -1 21 -1 21 -1 19 -1 21 -1 19 -1 19 -1 19 -1 #SUP: 247 #DPOWER: 0.991
22 -1 21 -1 21 -1 19 -1 21 -1 19 -1 19 -1 19 -1 19 -1 #SUP: 244 #DPOWER: 0.990
22 -1 21 -1 21 -1 19 -1 21 -1 19 -1 21 -1 19 -1 #SUP: 249 #DPOWER: 0.991
22 -1 21 -1 21 -1 19 -1 21 -1 19 -1 21 -1 19 -1 19 -1 #SUP: 243 #DPOWER: 0.989
