10 -1 38 -1 38 -1 38 -1 37 -1 13 -1 37 -1 #SUP: 33 #DPOWER: 0.999
13 -1 37 -1 10 -1 38 -1 38 -1 38 -1 #SUP: 33 #DPOWER: 0.999
13 -1 37 -1 10 -1 38 -1 38 -1 10 -1 #SUP: 33 #DPOWER: 0.999
13 -1 37 -1 37 -1 13 -1 37 -1 37 -1 13 -1 37 -1 10 -1 #SUP: 33 #DPOWER: 0.999
37 -1 38 -1 38 -1 38 -1 10 -1 #SUP: 33 #DPOWER: 0.942
37 -1 38 -1 13 -1 38 -1 38 -1 38 -1 #SUP: 33 #DPOWER: 0.999
37 -1 38 -1 13 -1 38 -1 38 -1 13 -1 37 -1 #SUP: 33 #DPOWER: 0.915
37 -1 38 -1 13 -1 38 -1 10 -1 #SUP: 33 #DPOWER: 0.999
37 -1 38 -1 13 -1 13 -1 10 -1 #SUP: 33 #DPOWER: 0.999
37 -1 37 -1 38 -1 38 -1 38 -1 38 -1 37 -1 13 -1 37 -1 #SUP: 33 #DPOWER: 0.999
37 -1 37 -1 38 -1 38 -1 38 -1 38 -1 13 -1 13 -1 37 -1 #SUP: 33 #DPOWER: 0.999
37 -1 37 -1 10 -1 38 -1 10 -1 37 -1 37 -1 #SUP: 33 #DPOWER: 0.999
37 -1 37 -1 10 -1 38 -1 10 -1 13 -1 37 -1 #SUP: 33 #DPOWER: 0.999
37 -1 37 -1 37 -1 38 -1 38 -1 38 -1 37 -1 13 -1 37 -1 #SUP: 33 #DPOWER: 0.999
37 -1 37 -1 37 -1 38 -1 38 -1 38 -1 13 -1 13 -1 37 -1 #SUP: 33 #DPOWER: 0.999
37 -1 37 -1 37 -1 10 -1 38 -1 38 -1 38 -1 13 -1 37 -1 #SUP: 33 #DPOWER: 0.999
37 -1 37 -1 37 -1 10 -1 38 -1 38 -1 10 -1 #SUP: 33 #DPOWER: 0.999
37 -1 37 -1 37 -1 10 -1 38 -1 38 -1 37 -1 13 -1 37 -1 #SUP: 33 #DPOWER: 0.999
37 -1 37 -1 37 -1 37 -1 38 -1 38 -1 37 -1 13 -1 37 -1 #SUP: 33 #DPOWER: 0.999
37 -1 37 -1 37 -1 37 -1 38 -1 38 -1 13 -1 13 -1 37 -1 #SUP: 33 #DPOWER: 0.999
37 -1 37 -1 13 -1 37 -1 37 -1 37 -1 38 -1 38 -1 13 -1 37 -1 #SUP: 33 #DPOWER: 0.999
37 -1 37 -1 13 -1 37 -1 37 -1 37 -1 38 -1 10 -1 #SUP: 33 #DPOWER: 0.999
37 -1 37 -1 13 -1 37 -1 37 -1 37 -1 13 -1 37 -1 13 -1 37 -1 13 -1 37 -1 37 -1 #SUP: 33 #DPOWER: 0.999
37 -1 13 -1 37 -1 38 -1 38 -1 10 -1 #SUP: 33 #DPOWER: 0.999
37 -1 13 -1 37 -1 37 -1 37 -1 37 -1 37 -1 38 -1 38 -1 13 -1 37 -1 #SUP: 33 #DPOWER: 0.999
37 -1 13 -1 37 -1 37 -1 37 -1 37 -1 37 -1 38 -1 10 -1 #SUP: 33 #DPOWER: 0.999
37 -1 13 -1 37 -1 37 -1 37 -1 37 -1 13 -1 37 -1 10 -1 #SUP: 33 #DPOWER: 0.969
37 -1 13 -1 37 -1 37 -1 13 -1 37 -1 13 -1 37 -1 10 -1 #SUP: 33 #DPOWER: 0.999
13 -1 37 -1 37 -1 37 -1 13 -1 37 -1 13 -1 37 -1 13 -1 37 -1 37 -1 #SUP: 36 #DPOWER: 1.000
13 -1 37 -1 37 -1 13 -1 37 -1 13 -1 37 -1 13 -1 37 -1 13 -1 37 -1 #SUP: 36 #DPOWER: 1.000
13 -1 37 -1 13 -1 37 -1 37 -1 37 -1 13 -1 37 -1 13 -1 37 -1 37 -1 #SUP: 36 #DPOWER: 1.000
13 -1 37 -1 13 -1 37 -1 37 -1 13 -1 37 -1 37 -1 13 -1 37 -1 37 -1 #SUP: 36 #DPOWER: 0.973
13 -1 37 -1 13 -1 37 -1 37 -1 13 -1 37 -1 13 -1 37 -1 37 -1 37 -1 #SUP: 36 #DPOWER: 0.973
13 -1 37 -1 13 -1 37 -1 37 -1 13 -1 37 -1 13 -1 37 -1 13 -1 37 -1 #SUP: 36 #DPOWER: 1.000
13 -1 37 -1 13 -1 37 -1 37 -1 13 -1 13 -1 37 -1 13 -1 37 -1 37 -1 #SUP: 36 #DPOWER: 1.000
13 -1 37 -1 13 -1 37 -1 13 -1 37 -1 13 -1 37 -1 13 -1 37 -1 37 -1 #SUP: 36 #DPOWER: 1.000
13 -1 13 -1 37 -1 37 -1 37 -1 13 -1 37 -1 37 -1 13 -1 37 -1 #SUP: 36 #DPOWER: 1.000
13 -1 13 -1 37 -1 37 -1 13 -1 37 -1 13 -1 37 -1 13 -1 37 -1 37 -1 #SUP: 36 #DPOWER: 1.000
37 -1 37 -1 13 -1 37 -1 37 -1 13 -1 37 -1 13 -1 37 -1 13 -1 37 -1 37 -1 #SUP: 36 #DPOWER: 1.000
37 -1 13 -1 37 -1 37 -1 37 -1 13 -1 37 -1 37 -1 13 -1 37 -1 37 -1 #SUP: 36 #DPOWER: 0.973
13 -1 37 -1 38 -1 13 -1 13 -1 37 -1 #SUP: 33 #DPOWER: 0.969
37 -1 37 -1 37 -1 37 -1 37 -1 37 -1 37 -1 37 -1 37 -1 13 -1 37 -1 37 -1 37 -1 37 -1 13 -1 37 -1 #SUP: 33 #DPOWER: 0.999
37 -1 37 -1 37 -1 37 -1 37 -1 37 -1 37 -1 37 -1 13 -1 37 -1 13 -1 37 -1 37 -1 37 -1 13 -1 37 -1 #SUP: 33 #DPOWER: 0.999
37 -1 37 -1 37 -1 37 -1 37 -1 37 -1 37 -1 13 -1 37 -1 37 -1 37 -1 37 -1 37 -1 37 -1 13 -1 37 -1 #SUP: 33 #DPOWER: 0.999
37 -1 37 -1 37 -1 37 -1 37 -1 37 -1 37 -1 13 -1 37 -1 13 -1 37 -1 37 -1 37 -1 37 -1 13 -1 37 -1 #SUP: 33 #DPOWER: 0.999
37 -1 37 -1 37 -1 37 -1 37 -1 37 -1 13 -1 37 -1 37 -1 37 -1 13 -1 37 -1 37 -1 37 -1 13 -1 37 -1 #SUP: 33 #DPOWER: 0.999
37 -1 37 -1 37 -1 37 -1 37 -1 37 -1 13 -1 37 -1 37 -1 37 -1 13 -1 37 -1 13 -1 37 -1 37 -1 #SUP: 33 #DPOWER: 0.999
37 -1 37 -1 37 -1 37 -1 37 -1 37 -1 13 -1 37 -1 37 -1 13 -1 37 -1 13 -1 37 -1 37 -1 13 -1 37 -1 #SUP: 33 #DPOWER: 0.999
37 -1 37 -1 37 -1 37 -1 37 -1 37 -1 13 -1 37 -1 13 -1 37 -1 37 -1 37 -1 37 -1 37 -1 13 -1 37 -1 #SUP: 33 #DPOWER: 0.999
37 -1 37 -1 37 -1 37 -1 37 -1 37 -1 13 -1 37 -1 13 -1 37 -1 37 -1 37 -1 13 -1 37 -1 37 -1 #SUP: 33 #DPOWER: 0.999
37 -1 37 -1 37 -1 37 -1 37 -1 37 -1 13 -1 37 -1 13 -1 37 -1 13 -1 37 -1 37 -1 37 -1 37 -1 #SUP: 33 #DPOWER: 0.999
37 -1 37 -1 37 -1 37 -1 37 -1 37 -1 13 -1 37 -1 13 -1 37 -1 13 -1 37 -1 13 -1 37 -1 37 -1 #SUP: 33 #DPOWER: 0.999
37 -1 37 -1 37 -1 37 -1 37 -1 13 -1 37 -1 37 -1 13 -1 37 -1 13 -1 37 -1 13 -1 37 -1 37 -1 #SUP: 33 #DPOWER: 0.999
37 -1 37 -1 37 -1 37 -1 37 -1 13 -1 37 -1 13 -1 37 -1 37 -1 37 -1 37 -1 13 -1 37 -1 37 -1 #SUP: 33 #DPOWER: 0.999
37 -1 37 -1 37 -1 37 -1 37 -1 13 -1 37 -1 13 -1 37 -1 13 -1 37 -1 37 -1 13 -1 37 -1 37 -1 #SUP: 33 #DPOWER: 0.999
37 -1 37 -1 37 -1 37 -1 13 -1 37 -1 13 -1 37 -1 13 -1 37 -1 37 -1 37 -1 13 -1 37 -1 #SUP: 33 #DPOWER: 0.999
37 -1 37 -1 37 -1 13 -1 37 -1 37 -1 37 -1 13 -1 37 -1 37 -1 13 -1 37 -1 37 -1 #SUP: 33 #DPOWER: 0.999
13 -1 37 -1 37 -1 37 -1 37 -1 37 -1 37 -1 37 -1 13 -1 37 -1 37 -1 13 -1 #SUP: 34 #DPOWER: 0.999
13 -1 37 -1 37 -1 37 -1 37 -1 37 -1 37 -1 13 -1 37 -1 13 -1 37 -1 13 -1 37 -1 #SUP: 34 #DPOWER: 0.999
13 -1 37 -1 37 -1 37 -1 37 -1 13 -1 37 -1 13 -1 37 -1 13 -1 37 -1 37 -1 #SUP: 34 #DPOWER: 0.999
13 -1 37 -1 37 -1 13 -1 37 -1 37 -1 37 -1 37 -1 37 -1 37 -1 37 -1 13 -1 #SUP: 34 #DPOWER: 0.999
13 -1 37 -1 37 -1 13 -1 37 -1 37 -1 37 -1 37 -1 37 -1 37 -1 13 -1 37 -1 #SUP: 34 #DPOWER: 0.999
13 -1 37 -1 37 -1 13 -1 37 -1 37 -1 37 -1 37 -1 37 -1 13 -1 37 -1 37 -1 #SUP: 34 #DPOWER: 0.999
13 -1 37 -1 37 -1 13 -1 37 -1 37 -1 37 -1 13 -1 37 -1 37 -1 13 -1 37 -1 #SUP: 34 #DPOWER: 0.999
13 -1 37 -1 37 -1 13 -1 37 -1 37 -1 37 -1 13 -1 37 -1 13 -1 37 -1 37 -1 #SUP: 34 #DPOWER: 0.999
13 -1 37 -1 37 -1 13 -1 37 -1 37 -1 13 -1 37 -1 37 -1 13 -1 37 -1 37 -1 #SUP: 34 #DPOWER: 0.999
13 -1 37 -1 37 -1 13 -1 37 -1 37 -1 13 -1 37 -1 13 -1 37 -1 37 -1 37 -1 #SUP: 34 #DPOWER: 0.999
13 -1 37 -1 37 -1 13 -1 37 -1 37 -1 13 -1 37 -1 13 -1 37 -1 13 -1 37 -1 #SUP: 34 #DPOWER: 0.999
13 -1 37 -1 37 -1 13 -1 37 -1 37 -1 13 -1 13 -1 37 -1 13 -1 37 -1 37 -1 #SUP: 34 #DPOWER: 0.999
37 -1 13 -1 37 -1 37 -1 37 -1 37 -1 37 -1 37 -1 37 -1 13 -1 37 -1 37 -1 #SUP: 34 #DPOWER: 0.999
40 -1 37 -1 37 -1 37 -1 37 -1 #SUP: 34 #DPOWER: 0.918
13 -1 37 -1 37 -1 37 -1 37 -1 37 -1 37 -1 37 -1 13 -1 37 -1 37 -1 37 -1 37 -1 #SUP: 33 #DPOWER: 0.999
13 -1 37 -1 37 -1 37 -1 37 -1 37 -1 37 -1 37 -1 13 -1 37 -1 37 -1 13 -1 37 -1 #SUP: 33 #DPOWER: 0.999
13 -1 37 -1 37 -1 37 -1 37 -1 37 -1 37 -1 13 -1 37 -1 13 -1 37 -1 37 -1 37 -1 #SUP: 33 #DPOWER: 0.999
13 -1 37 -1 37 -1 13 -1 37 -1 37 -1 37 -1 37 -1 37 -1 37 -1 37 -1 13 -1 37 -1 #SUP: 33 #DPOWER: 0.999
13 -1 37 -1 37 -1 13 -1 37 -1 37 -1 37 -1 13 -1 37 -1 37 -1 37 -1 37 -1 #SUP: 33 #DPOWER: 0.999
13 -1 13 -1 37 -1 37 -1 37 -1 37 -1 37 -1 37 -1 37 -1 37 -1 37 -1 #SUP: 33 #DPOWER: 0.915
37 -1 37 -1 13 -1 37 -1 37 -1 37 -1 37 -1 37 -1 37 -1 37 -1 13 -1 37 -1 37 -1 #SUP: 33 #DPOWER: 0.999
13 -1 37 -1 37 -1 37 -1 37 -1 37 -1 37 -1 37 -1 13 -1 37 -1 13 -1 37 -1 13 -1 #SUP: 33 #DPOWER: 0.999
13 -1 37 -1 37 -1 37 -1 37 -1 37 -1 37 -1 37 -1 13 -1 37 -1 13 -1 13 -1 37 -1 #SUP: 33 #DPOWER: 0.999
13 -1 37 -1 37 -1 37 -1 37 -1 37 -1 13 -1 37 -1 13 -1 13 -1 37 -1 #SUP: 35 #DPOWER: 0.999
13 -1 37 -1 37 -1 37 -1 37 -1 13 -1 37 -1 13 -1 37 -1 13 -1 37 -1 #SUP: 35 #DPOWER: 0.999
13 -1 37 -1 37 -1 13 -1 37 -1 37 -1 13 -1 37 -1 13 -1 13 -1 37 -1 #SUP: 35 #DPOWER: 0.999
13 -1 37 -1 13 -1 37 -1 37 -1 37 -1 13 -1 37 -1 37 -1 13 -1 37 -1 #SUP: 35 #DPOWER: 0.999
37 -1 37 -1 37 -1 37 -1 37 -1 37 -1 37 -1 13 -1 37 -1 13 -1 37 -1 13 -1 37 -1 #SUP: 35 #DPOWER: 0.999
37 -1 37 -1 37 -1 37 -1 37 -1 13 -1 37 -1 13 -1 37 -1 13 -1 37 -1 37 -1 #SUP: 35 #DPOWER: 0.972
37 -1 37 -1 13 -1 37 -1 37 -1 37 -1 37 -1 37 -1 37 -1 13 -1 37 -1 #SUP: 35 #DPOWER: 0.972
37 -1 37 -1 13 -1 37 -1 37 -1 37 -1 37 -1 37 -1 13 -1 37 -1 37 -1 #SUP: 35 #DPOWER: 0.999
37 -1 37 -1 13 -1 37 -1 37 -1 37 -1 13 -1 37 -1 37 -1 13 -1 37 -1 #SUP: 35 #DPOWER: 0.972
13 -1 37 -1 37 -1 37 -1 37 -1 13 -1 37 -1 37 -1 13 -1 37 -1 13 -1 37 -1 37 -1 13 -1 #SUP: 33 #DPOWER: 0.999
13 -1 37 -1 37 -1 37 -1 37 -1 13 -1 37 -1 37 -1 13 -1 37 -1 13 -1 37 -1 13 -1 37 -1 #SUP: 33 #DPOWER: 0.999
13 -1 37 -1 37 -1 13 -1 37 -1 37 -1 37 -1 13 -1 37 -1 37 -1 37 -1 13 -1 #SUP: 33 #DPOWER: 0.999
13 -1 37 -1 37 -1 13 -1 37 -1 37 -1 13 -1 37 -1 37 -1 37 -1 37 -1 13 -1 37 -1 #SUP: 33 #DPOWER: 0.999
13 -1 37 -1 37 -1 13 -1 37 -1 37 -1 13 -1 37 -1 13 -1 37 -1 37 -1 13 -1 37 -1 #SUP: 33 #DPOWER: 0.999
13 -1 37 -1 37 -1 13 -1 37 -1 37 -1 13 -1 13 -1 37 -1 37 -1 37 -1 13 -1 #SUP: 33 #DPOWER: 0.999
13 -1 37 -1 37 -1 13 -1 37 -1 13 -1 37 -1 13 -1 37 -1 37 -1 37 -1 13 -1 #SUP: 33 #DPOWER: 0.999
13 -1 13 -1 37 -1 37 -1 37 -1 13 -1 37 -1 13 -1 37 -1 37 -1 37 -1 #SUP: 33 #DPOWER: 0.999
13 -1 13 -1 37 -1 37 -1 13 -1 37 -1 37 -1 37 -1 37 -1 37 -1 13 -1 #SUP: 33 #DPOWER: 0.999
13 -1 13 -1 37 -1 37 -1 13 -1 37 -1 13 -1 37 -1 37 -1 37 -1 13 -1 #SUP: 33 #DPOWER: 0.999
37 -1 38 -1 37 -1 37 -1 37 -1 13 -1 37 -1 13 -1 37 -1 13 -1 37 -1 37 -1 #SUP: 33 #DPOWER: 0.999
37 -1 38 -1 13 -1 37 -1 37 -1 37 -1 37 -1 13 -1 37 -1 13 -1 37 -1 37 -1 #SUP: 33 #DPOWER: 0.999
37 -1 38 -1 13 -1 37 -1 37 -1 37 -1 13 -1 37 -1 13 -1 37 -1 13 -1 37 -1 #SUP: 33 #DPOWER: 0.999
37 -1 38 -1 13 -1 37 -1 37 -1 13 -1 37 -1 13 -1 37 -1 13 -1 37 -1 37 -1 #SUP: 33 #DPOWER: 0.999
37 -1 37 -1 37 -1 13 -1 37 -1 37 -1 13 -1 37 -1 37 -1 37 -1 37 -1 37 -1 13 -1 #SUP: 33 #DPOWER: 0.999
37 -1 37 -1 37 -1 13 -1 37 -1 37 -1 13 -1 37 -1 37 -1 37 -1 37 -1 13 -1 37 -1 #SUP: 33 #DPOWER: 0.999
37 -1 37 -1 37 -1 13 -1 37 -1 37 -1 13 -1 37 -1 37 -1 37 -1 13 -1 37 -1 37 -1 #SUP: 33 #DPOWER: 0.999
37 -1 37 -1 37 -1 13 -1 37 -1 37 -1 13 -1 37 -1 13 -1 37 -1 37 -1 37 -1 13 -1 #SUP: 33 #DPOWER: 0.999
37 -1 13 -1 37 -1 37 -1 13 -1 37 -1 37 -1 37 -1 37 -1 37 -1 37 -1 13 -1 37 -1 #SUP: 33 #DPOWER: 0.999
37 -1 13 -1 37 -1 37 -1 13 -1 37 -1 37 -1 37 -1 37 -1 37 -1 13 -1 37 -1 37 -1 #SUP: 33 #DPOWER: 0.999
37 -1 13 -1 37 -1 37 -1 13 -1 37 -1 13 -1 37 -1 37 -1 37 -1 37 -1 37 -1 13 -1 #SUP: 33 #DPOWER: 0.999
37 -1 13 -1 37 -1 37 -1 13 -1 37 -1 13 -1 37 -1 37 -1 37 -1 37 -1 13 -1 37 -1 #SUP: 33 #DPOWER: 0.999
37 -1 13 -1 37 -1 37 -1 13 -1 37 -1 13 -1 37 -1 37 -1 37 -1 13 -1 37 -1 37 -1 #SUP: 33 #DPOWER: 0.999
13 -1 37 -1 37 -1 37 -1 37 -1 13 -1 37 -1 13 -1 37 -1 13 -1 13 -1 37 -1 #SUP: 34 #DPOWER: 0.999
13 -1 37 -1 37 -1 37 -1 13 -1 37 -1 37 -1 13 -1 37 -1 13 -1 13 -1 37 -1 #SUP: 34 #DPOWER: 0.999
13 -1 37 -1 37 -1 37 -1 13 -1 37 -1 13 -1 37 -1 13 -1 37 -1 13 -1 37 -1 #SUP: 34 #DPOWER: 0.999
13 -1 37 -1 13 -1 37 -1 37 -1 13 -1 37 -1 13 -1 37 -1 37 -1 13 -1 37 -1 #SUP: 34 #DPOWER: 0.999
37 -1 37 -1 37 -1 37 -1 37 -1 37 -1 37 -1 37 -1 13 -1 37 -1 13 -1 37 -1 13 -1 #SUP: 34 #DPOWER: 0.999
37 -1 37 -1 37 -1 37 -1 37 -1 37 -1 37 -1 37 -1 13 -1 37 -1 13 -1 13 -1 37 -1 #SUP: 34 #DPOWER: 0.999
37 -1 37 -1 37 -1 37 -1 37 -1 37 -1 13 -1 37 -1 37 -1 13 -1 13 -1 37 -1 13 -1 #SUP: 34 #DPOWER: 0.999
37 -1 37 -1 37 -1 37 -1 37 -1 37 -1 13 -1 37 -1 13 -1 37 -1 13 -1 37 -1 13 -1 #SUP: 34 #DPOWER: 0.999
37 -1 37 -1 37 -1 37 -1 37 -1 37 -1 13 -1 37 -1 13 -1 37 -1 13 -1 13 -1 37 -1 #SUP: 34 #DPOWER: 0.999
37 -1 37 -1 37 -1 37 -1 37 -1 13 -1 37 -1 37 -1 13 -1 37 -1 13 -1 37 -1 37 -1 13 -1 #SUP: 34 #DPOWER: 0.999
37 -1 37 -1 37 -1 37 -1 37 -1 13 -1 37 -1 37 -1 13 -1 37 -1 13 -1 37 -1 13 -1 37 -1 #SUP: 34 #DPOWER: 0.999
37 -1 37 -1 37 -1 13 -1 37 -1 37 -1 37 -1 37 -1 37 -1 37 -1 13 -1 37 -1 #SUP: 34 #DPOWER: 0.999
37 -1 37 -1 37 -1 13 -1 37 -1 37 -1 37 -1 37 -1 37 -1 13 -1 37 -1 37 -1 #SUP: 34 #DPOWER: 0.999
37 -1 37 -1 37 -1 13 -1 37 -1 37 -1 37 -1 13 -1 37 -1 37 -1 37 -1 13 -1 #SUP: 34 #DPOWER: 0.999
37 -1 37 -1 37 -1 13 -1 37 -1 37 -1 13 -1 37 -1 13 -1 37 -1 37 -1 13 -1 37 -1 #SUP: 34 #DPOWER: 0.999
37 -1 37 -1 37 -1 13 -1 37 -1 37 -1 13 -1 37 -1 13 -1 37 -1 13 -1 37 -1 37 -1 #SUP: 34 #DPOWER: 0.999
37 -1 37 -1 37 -1 13 -1 37 -1 13 -1 37 -1 37 -1 37 -1 37 -1 37 -1 13 -1 #SUP: 34 #DPOWER: 0.999
37 -1 37 -1 37 -1 13 -1 37 -1 13 -1 37 -1 37 -1 37 -1 37 -1 13 -1 37 -1 #SUP: 34 #DPOWER: 0.999
37 -1 37 -1 37 -1 13 -1 37 -1 13 -1 37 -1 37 -1 37 -1 13 -1 37 -1 37 -1 #SUP: 34 #DPOWER: 0.999
37 -1 37 -1 37 -1 13 -1 37 -1 13 -1 37 -1 13 -1 37 -1 37 -1 37 -1 13 -1 #SUP: 34 #DPOWER: 0.999
37 -1 13 -1 37 -1 37 -1 37 -1 13 -1 37 -1 37 -1 37 -1 13 -1 37 -1 #SUP: 34 #DPOWER: 0.944
37 -1 13 -1 37 -1 13 -1 37 -1 37 -1 37 -1 37 -1 37 -1 13 -1 37 -1 #SUP: 34 #DPOWER: 0.970
13 -1 37 -1 13 -1 37 -1 13 -1 37 -1 37 -1 13 -1 37 -1 13 -1 13 -1 37 -1 #SUP: 33 #DPOWER: 0.999
37 -1 37 -1 37 -1 37 -1 37 -1 37 -1 37 -1 13 -1 37 -1 37 -1 13 -1 13 -1 37 -1 13 -1 #SUP: 33 #DPOWER: 0.999
37 -1 37 -1 37 -1 37 -1 37 -1 37 -1 37 -1 13 -1 37 -1 13 -1 37 -1 13 -1 37 -1 13 -1 #SUP: 33 #DPOWER: 0.999
37 -1 37 -1 37 -1 37 -1 37 -1 13 -1 37 -1 37 -1 37 -1 37 -1 13 -1 13 -1 37 -1 13 -1 #SUP: 33 #DPOWER: 0.999
37 -1 37 -1 37 -1 37 -1 37 -1 13 -1 37 -1 37 -1 37 -1 13 -1 37 -1 13 -1 37 -1 13 -1 #SUP: 33 #DPOWER: 0.999
37 -1 37 -1 37 -1 37 -1 37 -1 13 -1 37 -1 37 -1 37 -1 13 -1 37 -1 13 -1 13 -1 37 -1 #SUP: 33 #DPOWER: 0.999
37 -1 37 -1 37 -1 37 -1 37 -1 13 -1 37 -1 37 -1 13 -1 37 -1 37 -1 13 -1 37 -1 13 -1 #SUP: 33 #DPOWER: 0.999
37 -1 37 -1 37 -1 37 -1 37 -1 13 -1 37 -1 37 -1 13 -1 37 -1 37 -1 13 -1 13 -1 37 -1 #SUP: 33 #DPOWER: 0.999
37 -1 37 -1 37 -1 13 -1 37 -1 37 -1 37 -1 37 -1 13 -1 37 -1 13 -1 37 -1 13 -1 13 -1 37 -1 #SUP: 33 #DPOWER: 0.999
37 -1 37 -1 37 -1 13 -1 37 -1 37 -1 37 -1 13 -1 37 -1 13 -1 37 -1 13 -1 37 -1 13 -1 #SUP: 33 #DPOWER: 0.999
37 -1 37 -1 37 -1 13 -1 37 -1 37 -1 13 -1 37 -1 13 -1 37 -1 37 -1 13 -1 13 -1 37 -1 #SUP: 33 #DPOWER: 0.999
37 -1 37 -1 37 -1 13 -1 37 -1 37 -1 13 -1 37 -1 13 -1 37 -1 13 -1 37 -1 13 -1 37 -1 #SUP: 33 #DPOWER: 0.999
37 -1 37 -1 37 -1 13 -1 37 -1 13 -1 37 -1 37 -1 37 -1 13 -1 37 -1 13 -1 37 -1 13 -1 #SUP: 33 #DPOWER: 0.999
37 -1 37 -1 37 -1 13 -1 37 -1 13 -1 37 -1 37 -1 37 -1 13 -1 37 -1 13 -1 13 -1 37 -1 #SUP: 33 #DPOWER: 0.999
37 -1 37 -1 37 -1 13 -1 37 -1 13 -1 37 -1 37 -1 13 -1 37 -1 37 -1 13 -1 37 -1 13 -1 #SUP: 33 #DPOWER: 0.999
37 -1 37 -1 37 -1 13 -1 37 -1 13 -1 37 -1 37 -1 13 -1 37 -1 37 -1 13 -1 13 -1 37 -1 #SUP: 33 #DPOWER: 0.999
37 -1 37 -1 37 -1 13 -1 37 -1 13 -1 37 -1 37 -1 13 -1 37 -1 13 -1 37 -1 37 -1 13 -1 #SUP: 33 #DPOWER: 0.999
37 -1 37 -1 37 -1 13 -1 37 -1 13 -1 37 -1 37 -1 13 -1 37 -1 13 -1 37 -1 13 -1 37 -1 #SUP: 33 #DPOWER: 0.999
37 -1 37 -1 37 -1 13 -1 13 -1 37 -1 37 -1 37 -1 37 -1 13 -1 13 -1 13 -1 #SUP: 33 #DPOWER: 0.999
37 -1 13 -1 37 -1 37 -1 37 -1 13 -1 37 -1 13 -1 37 -1 37 -1 13 -1 13 -1 37 -1 #SUP: 33 #DPOWER: 0.999
37 -1 13 -1 37 -1 37 -1 37 -1 13 -1 37 -1 13 -1 37 -1 13 -1 37 -1 13 -1 37 -1 #SUP: 33 #DPOWER: 0.999
37 -1 13 -1 37 -1 13 -1 37 -1 37 -1 37 -1 37 -1 37 -1 13 -1 13 -1 37 -1 #SUP: 33 #DPOWER: 0.999
37 -1 13 -1 37 -1 13 -1 37 -1 37 -1 37 -1 13 -1 37 -1 13 -1 37 -1 13 -1 37 -1 #SUP: 33 #DPOWER: 0.999
37 -1 13 -1 37 -1 13 -1 37 -1 37 -1 13 -1 37 -1 37 -1 13 -1 37 -1 13 -1 37 -1 #SUP: 33 #DPOWER: 0.999
37 -1 13 -1 37 -1 13 -1 37 -1 37 -1 13 -1 37 -1 13 -1 37 -1 37 -1 13 -1 37 -1 #SUP: 33 #DPOWER: 0.999
37 -1 13 -1 37 -1 13 -1 37 -1 37 -1 13 -1 13 -1 37 -1 13 -1 37 -1 13 -1 37 -1 #SUP: 33 #DPOWER: 0.999
37 -1 13 -1 37 -1 13 -1 37 -1 13 -1 37 -1 13 -1 37 -1 37 -1 13 -1 13 -1 37 -1 #SUP: 33 #DPOWER: 0.999
37 -1 13 -1 13 -1 37 -1 37 -1 37 -1 37 -1 13 -1 37 -1 13 -1 13 -1 37 -1 #SUP: 33 #DPOWER: 0.999
37 -1 13 -1 13 -1 37 -1 37 -1 13 -1 37 -1 37 -1 37 -1 13 -1 13 -1 37 -1 #SUP: 33 #DPOWER: 0.999
13 -1 37 -1 37 -1 13 -1 37 -1 13 -1 37 -1 13 -1 37 -1 13 -1 37 -1 37 -1 #SUP: 35 #DPOWER: 0.999
13 -1 13 -1 37 -1 37 -1 37 -1 37 -1 37 -1 13 -1 37 -1 37 -1 #SUP: 35 #DPOWER: 0.972
13 -1 37 -1 37 -1 13 -1 37 -1 37 -1 37 -1 37 -1 37 -1 13 -1 37 -1 37 -1 13 -1 #SUP: 33 #DPOWER: 0.999
13 -1 37 -1 37 -1 13 -1 37 -1 37 -1 37 -1 37 -1 37 -1 13 -1 37 -1 13 -1 37 -1 #SUP: 33 #DPOWER: 0.999
13 -1 37 -1 37 -1 13 -1 37 -1 37 -1 37 -1 37 -1 13 -1 37 -1 37 -1 13 -1 37 -1 #SUP: 33 #DPOWER: 0.999
13 -1 37 -1 37 -1 13 -1 37 -1 37 -1 37 -1 13 -1 37 -1 13 -1 37 -1 13 -1 37 -1 #SUP: 33 #DPOWER: 0.999
13 -1 13 -1 37 -1 37 -1 37 -1 37 -1 13 -1 37 -1 13 -1 37 -1 13 -1 37 -1 #SUP: 33 #DPOWER: 0.999
37 -1 37 -1 37 -1 37 -1 38 -1 38 -1 38 -1 38 -1 37 -1 37 -1 #SUP: 33 #DPOWER: 0.969
37 -1 37 -1 37 -1 37 -1 37 -1 37 -1 39 -1 13 -1 #SUP: 33 #DPOWER: 0.999
37 -1 37 -1 37 -1 37 -1 37 -1 13 -1 39 -1 13 -1 #SUP: 33 #DPOWER: 0.999
37 -1 37 -1 37 -1 39 -1 13 -1 37 -1 37 -1 #SUP: 33 #DPOWER: 0.999
37 -1 37 -1 13 -1 37 -1 37 -1 37 -1 37 -1 37 -1 13 -1 37 -1 13 -1 37 -1 13 -1 #SUP: 33 #DPOWER: 0.999
37 -1 13 -1 37 -1 37 -1 37 -1 37 -1 37 -1 37 -1 13 -1 37 -1 13 -1 37 -1 37 -1 #SUP: 33 #DPOWER: 0.999
37 -1 13 -1 37 -1 37 -1 37 -1 37 -1 37 -1 13 -1 37 -1 13 -1 37 -1 13 -1 37 -1 #SUP: 33 #DPOWER: 0.999
37 -1 13 -1 37 -1 37 -1 37 -1 37 -1 13 -1 37 -1 13 -1 37 -1 13 -1 37 -1 37 -1 #SUP: 33 #DPOWER: 0.999
37 -1 13 -1 39 -1 13 -1 37 -1 37 -1 #SUP: 33 #DPOWER: 0.999
37 -1 13 -1 13 -1 37 -1 37 -1 13 -1 13 -1 37 -1 37 -1 13 -1 13 -1 37 -1 #SUP: 33 #DPOWER: 0.999
13 -1 37 -1 37 -1 13 -1 37 -1 37 -1 13 -1 37 -1 13 -1 37 -1 13 -1 37 -1 37 -1 #SUP: 33 #DPOWER: 0.999
13 -1 37 -1 37 -1 13 -1 13 -1 37 -1 13 -1 37 -1 37 -1 13 -1 37 -1 #SUP: 34 #DPOWER: 0.999
13 -1 37 -1 13 -1 37 -1 13 -1 13 -1 37 -1 37 -1 37 -1 13 -1 #SUP: 34 #DPOWER: 0.999
13 -1 13 -1 37 -1 37 -1 13 -1 37 -1 37 -1 37 -1 13 -1 37 -1 37 -1 #SUP: 34 #DPOWER: 0.999
13 -1 13 -1 37 -1 37 -1 13 -1 13 -1 37 -1 37 -1 37 -1 13 -1 #SUP: 34 #DPOWER: 0.999
13 -1 13 -1 37 -1 13 -1 37 -1 13 -1 37 -1 37 -1 37 -1 13 -1 #SUP: 34 #DPOWER: 0.999
37 -1 13 -1 37 -1 37 -1 13 -1 37 -1 13 -1 37 -1 37 -1 13 -1 37 -1 37 -1 #SUP: 34 #DPOWER: 0.999
37 -1 13 -1 37 -1 37 -1 13 -1 13 -1 37 -1 37 -1 37 -1 13 -1 37 -1 37 -1 #SUP: 34 #DPOWER: 0.999
37 -1 13 -1 37 -1 13 -1 37 -1 13 -1 37 -1 37 -1 37 -1 13 -1 37 -1 37 -1 #SUP: 34 #DPOWER: 0.999
37 -1 13 -1 13 -1 37 -1 37 -1 37 -1 37 -1 37 -1 13 -1 37 -1 37 -1 #SUP: 34 #DPOWER: 0.999
37 -1 13 -1 13 -1 37 -1 13 -1 37 -1 37 -1 37 -1 37 -1 13 -1 37 -1 #SUP: 34 #DPOWER: 0.999
13 -1 37 -1 13 -1 37 -1 13 -1 13 -1 37 -1 13 -1 37 -1 37 -1 13 -1 #SUP: 33 #DPOWER: 0.999
13 -1 13 -1 37 -1 13 -1 37 -1 37 -1 13 -1 37 -1 13 -1 37 -1 13 -1 37 -1 #SUP: 33 #DPOWER: 0.999
13 -1 13 -1 37 -1 13 -1 37 -1 13 -1 37 -1 13 -1 37 -1 37 -1 13 -1 #SUP: 33 #DPOWER: 0.999
37 -1 13 -1 37 -1 37 -1 13 -1 37 -1 13 -1 37 -1 13 -1 37 -1 13 -1 37 -1 37 -1 #SUP: 33 #DPOWER: 0.999
37 -1 13 -1 37 -1 37 -1 13 -1 13 -1 37 -1 37 -1 13 -1 37 -1 13 -1 37 -1 37 -1 #SUP: 33 #DPOWER: 0.999
37 -1 13 -1 37 -1 13 -1 37 -1 13 -1 37 -1 37 -1 13 -1 37 -1 13 -1 37 -1 37 -1 #SUP: 33 #DPOWER: 0.999
37 -1 13 -1 37 -1 13 -1 37 -1 13 -1 13 -1 37 -1 37 -1 13 -1 37 -1 13 -1 #SUP: 33 #DPOWER: 0.999
37 -1 13 -1 13 -1 37 -1 37 -1 13 -1 37 -1 37 -1 13 -1 37 -1 13 -1 37 -1 37 -1 #SUP: 33 #DPOWER: 0.999
37 -1 13 -1 13 -1 37 -1 37 -1 13 -1 13 -1 37 -1 37 -1 37 -1 13 -1 #SUP: 33 #DPOWER: 0.999
37 -1 13 -1 13 -1 37 -1 13 -1 37 -1 37 -1 37 -1 13 -1 37 -1 13 -1 37 -1 #SUP: 33 #DPOWER: 0.999
37 -1 13 -1 13 -1 37 -1 13 -1 37 -1 13 -1 37 -1 37 -1 13 -1 37 -1 13 -1 #SUP: 33 #DPOWER: 0.999
13 -1 13 -1 37 -1 13 -1 37 -1 37 -1 13 -1 37 -1 13 -1 13 -1 37 -1 #SUP: 34 #DPOWER: 0.999
37 -1 37 -1 37 -1 13 -1 13 -1 37 -1 37 -1 13 -1 37 -1 13 -1 37 -1 37 -1 #SUP: 34 #DPOWER: 0.999
37 -1 37 -1 37 -1 13 -1 13 -1 37 -1 13 -1 37 -1 13 -1 37 -1 13 -1 37 -1 #SUP: 34 #DPOWER: 0.999
37 -1 37 -1 13 -1 37 -1 13 -1 37 -1 37 -1 13 -1 37 -1 13 -1 37 -1 37 -1 #SUP: 34 #DPOWER: 0.999
37 -1 37 -1 13 -1 37 -1 13 -1 13 -1 37 -1 37 -1 13 -1 37 -1 13 -1 #SUP: 34 #DPOWER: 0.999
37 -1 37 -1 13 -1 37 -1 13 -1 13 -1 37 -1 13 -1 37 -1 37 -1 13 -1 #SUP: 34 #DPOWER: 0.999
37 -1 13 -1 37 -1 13 -1 37 -1 37 -1 37 -1 13 -1 37 -1 13 -1 37 -1 37 -1 #SUP: 34 #DPOWER: 0.999
37 -1 13 -1 37 -1 13 -1 37 -1 37 -1 13 -1 37 -1 37 -1 13 -1 37 -1 37 -1 #SUP: 34 #DPOWER: 0.999
37 -1 13 -1 37 -1 13 -1 37 -1 37 -1 13 -1 37 -1 13 -1 37 -1 37 -1 37 -1 #SUP: 34 #DPOWER: 0.999
37 -1 13 -1 37 -1 13 -1 37 -1 37 -1 13 -1 13 -1 37 -1 13 -1 37 -1 37 -1 #SUP: 34 #DPOWER: 0.999
37 -1 13 -1 37 -1 13 -1 37 -1 13 -1 37 -1 13 -1 37 -1 13 -1 37 -1 13 -1 37 -1 #SUP: 34 #DPOWER: 0.999
37 -1 13 -1 37 -1 13 -1 37 -1 13 -1 13 -1 37 -1 37 -1 13 -1 13 -1 37 -1 #SUP: 34 #DPOWER: 0.999
37 -1 13 -1 13 -1 37 -1 37 -1 13 -1 37 -1 13 -1 37 -1 13 -1 37 -1 13 -1 37 -1 #SUP: 34 #DPOWER: 0.999
37 -1 13 -1 13 -1 37 -1 13 -1 37 -1 13 -1 37 -1 37 -1 13 -1 13 -1 37 -1 #SUP: 34 #DPOWER: 0.999
13 -1 37 -1 37 -1 13 -1 13 -1 37 -1 13 -1 37 -1 37 -1 13 -1 37 -1 37 -1 #SUP: 33 #DPOWER: 0.999
13 -1 37 -1 13 -1 37 -1 13 -1 37 -1 13 -1 37 -1 37 -1 13 -1 37 -1 37 -1 #SUP: 33 #DPOWER: 0.999
13 -1 37 -1 13 -1 37 -1 13 -1 13 -1 37 -1 37 -1 37 -1 37 -1 37 -1 #SUP: 33 #DPOWER: 0.999
13 -1 37 -1 13 -1 37 -1 13 -1 13 -1 37 -1 37 -1 37 -1 13 -1 37 -1 #SUP: 33 #DPOWER: 0.999
13 -1 13 -1 37 -1 37 -1 13 -1 37 -1 13 -1 37 -1 37 -1 37 -1 37 -1 #SUP: 33 #DPOWER: 0.999
13 -1 13 -1 37 -1 37 -1 13 -1 13 -1 37 -1 37 -1 37 -1 37 -1 37 -1 #SUP: 33 #DPOWER: 0.999
13 -1 13 -1 37 -1 37 -1 13 -1 13 -1 37 -1 37 -1 37 -1 13 -1 37 -1 #SUP: 33 #DPOWER: 0.999
13 -1 13 -1 37 -1 13 -1 37 -1 13 -1 37 -1 37 -1 37 -1 13 -1 37 -1 37 -1 #SUP: 33 #DPOWER: 0.999
37 -1 37 -1 13 -1 37 -1 13 -1 13 -1 37 -1 37 -1 37 -1 13 -1 37 -1 37 -1 #SUP: 33 #DPOWER: 0.999
37 -1 13 -1 13 -1 37 -1 13 -1 37 -1 37 -1 37 -1 37 -1 13 -1 37 -1 37 -1 #SUP: 33 #DPOWER: 0.999
13 -1 37 -1 37 -1 13 -1 13 -1 37 -1 13 -1 37 -1 13 -1 13 -1 37 -1 #SUP: 33 #DPOWER: 0.999
13 -1 37 -1 13 -1 37 -1 37 -1 37 -1 37 -1 37 -1 13 -1 13 -1 37 -1 #SUP: 34 #DPOWER: 0.999
13 -1 37 -1 13 -1 37 -1 37 -1 37 -1 13 -1 37 -1 13 -1 37 -1 13 -1 37 -1 #SUP: 34 #DPOWER: 0.999
13 -1 37 -1 13 -1 37 -1 13 -1 13 -1 13 -1 37 -1 13 -1 13 -1 37 -1 #SUP: 33 #DPOWER: 0.999
13 -1 13 -1 37 -1 37 -1 37 -1 37 -1 13 -1 37 -1 13 -1 13 -1 37 -1 #SUP: 34 #DPOWER: 0.999
13 -1 13 -1 37 -1 13 -1 37 -1 13 -1 37 -1 13 -1 37 -1 13 -1 13 -1 37 -1 #SUP: 33 #DPOWER: 0.999
37 -1 37 -1 13 -1 37 -1 37 -1 37 -1 37 -1 37 -1 13 -1 37 -1 13 -1 13 -1 37 -1 #SUP: 34 #DPOWER: 0.999
37 -1 37 -1 13 -1 37 -1 37 -1 37 -1 37 -1 13 -1 37 -1 13 -1 37 -1 13 -1 37 -1 #SUP: 34 #DPOWER: 0.999
13 -1 37 -1 13 -1 37 -1 37 -1 37 -1 37 -1 13 -1 37 -1 13 -1 13 -1 37 -1 #SUP: 33 #DPOWER: 0.999
13 -1 13 -1 37 -1 37 -1 37 -1 13 -1 37 -1 37 -1 37 -1 37 -1 #SUP: 34 #DPOWER: 0.970
37 -1 37 -1 40 -1 40 -1 37 -1 37 -1 37 -1 #SUP: 33 #DPOWER: 0.969
37 -1 37 -1 40 -1 37 -1 37 -1 37 -1 37 -1 #SUP: 33 #DPOWER: 0.969
13 -1 37 -1 13 -1 37 -1 37 -1 13 -1 37 -1 13 -1 37 -1 13 -1 37 -1 37 -1 #SUP: 35 #DPOWER: 0.999
37 -1 37 -1 13 -1 37 -1 13 -1 13 -1 37 -1 13 -1 37 -1 13 -1 37 -1 13 -1 #SUP: 33 #DPOWER: 0.999
37 -1 37 -1 13 -1 37 -1 13 -1 13 -1 37 -1 13 -1 37 -1 13 -1 13 -1 37 -1 #SUP: 33 #DPOWER: 0.999
13 -1 37 -1 13 -1 37 -1 13 -1 37 -1 13 -1 37 -1 37 -1 13 -1 37 -1 #SUP: 35 #DPOWER: 0.999
13 -1 13 -1 37 -1 37 -1 13 -1 37 -1 13 -1 37 -1 37 -1 13 -1 37 -1 #SUP: 35 #DPOWER: 0.999
37 -1 37 -1 37 -1 13 -1 37 -1 13 -1 37 -1 13 -1 37 -1 13 -1 37 -1 37 -1 #SUP: 35 #DPOWER: 0.999
37 -1 37 -1 37 -1 13 -1 13 -1 37 -1 37 -1 37 -1 13 -1 37 -1 37 -1 #SUP: 35 #DPOWER: 0.972
37 -1 37 -1 37 -1 13 -1 13 -1 37 -1 13 -1 37 -1 37 -1 13 -1 37 -1 #SUP: 35 #DPOWER: 0.972
37 -1 37 -1 13 -1 37 -1 13 -1 37 -1 37 -1 37 -1 13 -1 37 -1 37 -1 #SUP: 35 #DPOWER: 0.999
37 -1 37 -1 13 -1 37 -1 13 -1 37 -1 13 -1 37 -1 37 -1 13 -1 37 -1 #SUP: 35 #DPOWER: 0.945
37 -1 37 -1 13 -1 37 -1 13 -1 13 -1 37 -1 37 -1 37 -1 13 -1 #SUP: 35 #DPOWER: 0.999
37 -1 13 -1 37 -1 37 -1 13 -1 37 -1 13 -1 37 -1 37 -1 13 -1 37 -1 #SUP: 35 #DPOWER: 0.972
37 -1 13 -1 37 -1 13 -1 37 -1 37 -1 37 -1 37 -1 13 -1 37 -1 37 -1 #SUP: 35 #DPOWER: 0.972
37 -1 13 -1 37 -1 13 -1 37 -1 13 -1 37 -1 37 -1 37 -1 13 -1 37 -1 #SUP: 35 #DPOWER: 0.972
37 -1 13 -1 37 -1 13 -1 37 -1 13 -1 37 -1 37 -1 13 -1 37 -1 37 -1 #SUP: 35 #DPOWER: 0.999
37 -1 13 -1 13 -1 37 -1 37 -1 37 -1 37 -1 37 -1 13 -1 37 -1 #SUP: 35 #DPOWER: 0.972
13 -1 13 -1 37 -1 37 -1 37 -1 37 -1 13 -1 37 -1 13 -1 37 -1 37 -1 #SUP: 34 #DPOWER: 0.999
13 -1 13 -1 37 -1 37 -1 37 -1 13 -1 37 -1 13 -1 37 -1 13 -1 37 -1 #SUP: 35 #DPOWER: 0.999
37 -1 13 -1 37 -1 37 -1 37 -1 13 -1 37 -1 13 -1 37 -1 13 -1 37 -1 37 -1 #SUP: 35 #DPOWER: 0.999
13 -1 13 -1 37 -1 37 -1 37 -1 13 -1 37 -1 37 -1 13 -1 37 -1 37 -1 #SUP: 33 #DPOWER: 0.999
37 -1 37 -1 37 -1 13 -1 13 -1 37 -1 13 -1 37 -1 37 -1 13 -1 37 -1 37 -1 #SUP: 34 #DPOWER: 0.999
37 -1 37 -1 13 -1 37 -1 13 -1 37 -1 13 -1 37 -1 37 -1 13 -1 37 -1 37 -1 #SUP: 34 #DPOWER: 0.999
37 -1 37 -1 13 -1 37 -1 13 -1 13 -1 37 -1 37 -1 37 -1 13 -1 37 -1 #SUP: 34 #DPOWER: 0.999
37 -1 38 -1 37 -1 38 -1 38 -1 37 -1 37 -1 38 -1 37 -1 37 -1 #SUP: 33 #DPOWER: 0.999
37 -1 38 -1 37 -1 38 -1 37 -1 37 -1 38 -1 38 -1 #SUP: 33 #DPOWER: 0.969
37 -1 38 -1 37 -1 37 -1 38 -1 37 -1 37 -1 38 -1 37 -1 37 -1 #SUP: 33 #DPOWER: 0.999
37 -1 38 -1 37 -1 37 -1 37 -1 38 -1 38 -1 37 -1 37 -1 37 -1 37 -1 #SUP: 33 #DPOWER: 0.999
37 -1 37 -1 38 -1 38 -1 38 -1 37 -1 37 -1 38 -1 37 -1 37 -1 #SUP: 33 #DPOWER: 0.999
37 -1 37 -1 37 -1 38 -1 38 -1 37 -1 37 -1 38 -1 37 -1 37 -1 #SUP: 33 #DPOWER: 0.999
37 -1 37 -1 37 -1 37 -1 38 -1 37 -1 37 -1 38 -1 37 -1 37 -1 #SUP: 33 #DPOWER: 0.999
38 -1 37 -1 38 -1 38 -1 38 -1 37 -1 37 -1 37 -1 37 -1 #SUP: 33 #DPOWER: 0.942
37 -1 13 -1 37 -1 13 -1 37 -1 37 -1 13 -1 37 -1 13 -1 37 -1 13 -1 37 -1 37 -1 #SUP: 33 #DPOWER: 0.999
37 -1 37 -1 37 -1 37 -1 37 -1 37 -1 37 -1 13 -1 37 -1 13 -1 37 -1 13 -1 37 -1 37 -1 #SUP: 34 #DPOWER: 0.999
37 -1 37 -1 13 -1 37 -1 37 -1 37 -1 13 -1 37 -1 37 -1 13 -1 37 -1 37 -1 #SUP: 34 #DPOWER: 0.999
37 -1 37 -1 37 -1 13 -1 13 -1 37 -1 13 -1 37 -1 13 -1 37 -1 13 -1 37 -1 37 -1 #SUP: 33 #DPOWER: 0.999
37 -1 37 -1 13 -1 37 -1 13 -1 37 -1 13 -1 37 -1 13 -1 37 -1 13 -1 37 -1 37 -1 #SUP: 33 #DPOWER: 0.999
37 -1 37 -1 13 -1 37 -1 13 -1 13 -1 37 -1 37 -1 13 -1 37 -1 13 -1 37 -1 #SUP: 33 #DPOWER: 0.999
37 -1 37 -1 13 -1 37 -1 13 -1 13 -1 37 -1 13 -1 37 -1 37 -1 13 -1 37 -1 #SUP: 33 #DPOWER: 0.999
37 -1 13 -1 13 -1 37 -1 13 -1 37 -1 37 -1 13 -1 37 -1 13 -1 13 -1 37 -1 #SUP: 33 #DPOWER: 0.999
40 -1 40 -1 37 -1 37 -1 37 -1 37 -1 13 -1 37 -1 37 -1 13 -1 37 -1 #SUP: 33 #DPOWER: 0.999
40 -1 40 -1 37 -1 37 -1 13 -1 37 -1 37 -1 13 -1 37 -1 37 -1 #SUP: 33 #DPOWER: 0.999
40 -1 40 -1 13 -1 37 -1 37 -1 37 -1 37 -1 13 -1 37 -1 37 -1 #SUP: 33 #DPOWER: 0.999
40 -1 37 -1 37 -1 37 -1 37 -1 37 -1 37 -1 13 -1 13 -1 37 -1 #SUP: 33 #DPOWER: 0.999
40 -1 37 -1 37 -1 37 -1 37 -1 37 -1 13 -1 37 -1 13 -1 37 -1 #SUP: 33 #DPOWER: 0.999
40 -1 37 -1 37 -1 37 -1 37 -1 13 -1 37 -1 13 -1 37 -1 37 -1 #SUP: 33 #DPOWER: 0.999
