13 -1 37 -1 38 -1 13 -1 37 -1 37 -1 37 -1 37 -1 #SUP: 65 #DPOWER: 0.968
13 -1 37 -1 37 -1 37 -1 37 -1 37 -1 37 -1 37 -1 37 -1 37 -1 37 -1 37 -1 37 -1 37 -1 37 -1 37 -1 #SUP: 66 #DPOWER: 0.998
37 -1 13 -1 37 -1 37 -1 37 -1 37 -1 37 -1 37 -1 37 -1 37 -1 37 -1 37 -1 37 -1 37 -1 37 -1 #SUP: 66 #DPOWER: 0.998
13 -1 37 -1 13 -1 37 -1 37 -1 37 -1 37 -1 37 -1 37 -1 37 -1 37 -1 37 -1 37 -1 37 -1 37 -1 37 -1 #SUP: 65 #DPOWER: 0.997
37 -1 38 -1 13 -1 37 -1 37 -1 37 -1 37 -1 37 -1 37 -1 37 -1 37 -1 37 -1 37 -1 37 -1 37 -1 37 -1 #SUP: 65 #DPOWER: 0.997
37 -1 38 -1 38 -1 37 -1 37 -1 37 -1 37 -1 37 -1 37 -1 37 -1 37 -1 37 -1 #SUP: 65 #DPOWER: 0.982
38 -1 37 -1 38 -1 37 -1 38 -1 37 -1 37 -1 #SUP: 65 #DPOWER: 0.900
37 -1 38 -1 37 -1 37 -1 38 -1 37 -1 37 -1 37 -1 37 -1 37 -1 #SUP: 65 #DPOWER: 0.982
37 -1 37 -1 37 -1 38 -1 37 -1 37 -1 37 -1 37 -1 37 -1 37 -1 37 -1 #SUP: 65 #DPOWER: 0.953
37 -1 38 -1 37 -1 37 -1 37 -1 37 -1 37 -1 37 -1 37 -1 37 -1 37 -1 37 -1 37 -1 37 -1 #SUP: 68 #DPOWER: 0.998
37 -1 38 -1 37 -1 37 -1 37 -1 37 -1 37 -1 37 -1 37 -1 37 -1 37 -1 37 -1 37 -1 37 -1 37 -1 #SUP: 67 #DPOWER: 0.998
37 -1 38 -1 37 -1 37 -1 37 -1 37 -1 37 -1 37 -1 37 -1 37 -1 37 -1 37 -1 37 -1 37 -1 37 -1 37 -1 #SUP: 65 #DPOWER: 0.997
38 -1 38 -1 37 -1 37 -1 37 -1 37 -1 37 -1 37 -1 37 -1 37 -1 37 -1 37 -1 37 -1 37 -1 37 -1 #SUP: 65 #DPOWER: 0.997
38 -1 37 -1 37 -1 37 -1 37 -1 37 -1 37 -1 37 -1 37 -1 37 -1 37 -1 37 -1 37 -1 37 -1 37 -1 37 -1 #SUP: 65 #DPOWER: 0.997
37 -1 37 -1 37 -1 37 -1 37 -1 37 -1 37 -1 37 -1 37 -1 37 -1 37 -1 37 -1 37 -1 37 -1 #SUP: 69 #DPOWER: 0.907
37 -1 37 -1 37 -1 37 -1 37 -1 37 -1 37 -1 37 -1 37 -1 37 -1 37 -1 37 -1 37 -1 37 -1 37 -1 #SUP: 68 #DPOWER: 0.970
37 -1 37 -1 37 -1 37 -1 37 -1 37 -1 37 -1 37 -1 37 -1 37 -1 37 -1 37 -1 37 -1 37 -1 37 -1 37 -1 #SUP: 66 #DPOWER: 0.998
37 -1 37 -1 37 -1 37 -1 37 -1 37 -1 37 -1 37 -1 37 -1 37 -1 37 -1 37 -1 37 -1 37 -1 37 -1 37 -1 37 -1 37 -1 #SUP: 65 #DPOWER: 0.997
37 -1 13 -1 37 -1 37 -1 37 -1 37 -1 37 -1 37 -1 37 -1 37 -1 37 -1 37 -1 37 -1 37 -1 37 -1 37 -1 #SUP: 65 #DPOWER: 0.997
38 -1 38 -1 37 -1 37 -1 37 -1 37 -1 37 -1 37 -1 37 -1 37 -1 37 -1 #SUP: 67 #DPOWER: 0.929
38 -1 38 -1 37 -1 37 -1 37 -1 37 -1 37 -1 37 -1 37 -1 37 -1 37 -1 37 -1 37 -1 #SUP: 66 #DPOWER: 0.983
38 -1 37 -1 38 -1 37 -1 37 -1 37 -1 37 -1 37 -1 37 -1 37 -1 #SUP: 66 #DPOWER: 0.968
38 -1 37 -1 38 -1 37 -1 37 -1 37 -1 37 -1 37 -1 37 -1 37 -1 37 -1 37 -1 #SUP: 65 #DPOWER: 0.982
