13 -1 37 -1 38 -1 38 -1 13 -1 37 -1 38 -1 #SUP: 62 #DPOWER: 0.998
13 -1 37 -1 38 -1 37 -1 37 -1 38 -1 #SUP: 62 #DPOWER: 0.967
13 -1 37 -1 37 -1 38 -1 13 -1 37 -1 38 -1 #SUP: 62 #DPOWER: 0.998
13 -1 37 -1 37 -1 13 -1 37 -1 38 -1 38 -1 #SUP: 62 #DPOWER: 0.952
37 -1 37 -1 13 -1 37 -1 38 -1 37 -1 38 -1 #SUP: 62 #DPOWER: 0.952
37 -1 13 -1 37 -1 37 -1 38 -1 37 -1 38 -1 #SUP: 62 #DPOWER: 0.938
13 -1 37 -1 38 -1 13 -1 37 -1 37 -1 38 -1 38 -1 #SUP: 60 #DPOWER: 0.997
13 -1 37 -1 37 -1 38 -1 38 -1 13 -1 37 -1 38 -1 #SUP: 61 #DPOWER: 0.998
37 -1 37 -1 38 -1 38 -1 13 -1 37 -1 37 -1 38 -1 #SUP: 61 #DPOWER: 0.998
37 -1 37 -1 37 -1 13 -1 37 -1 38 -1 37 -1 38 -1 #SUP: 60 #DPOWER: 0.981
37 -1 37 -1 13 -1 37 -1 38 -1 38 -1 38 -1 38 -1 #SUP: 61 #DPOWER: 0.998
37 -1 37 -1 13 -1 37 -1 38 -1 38 -1 37 -1 38 -1 #SUP: 61 #DPOWER: 0.998
37 -1 37 -1 13 -1 37 -1 38 -1 38 -1 37 -1 37 -1 #SUP: 61 #DPOWER: 0.982
37 -1 13 -1 37 -1 38 -1 38 -1 37 -1 37 -1 38 -1 #SUP: 61 #DPOWER: 0.998
37 -1 13 -1 37 -1 37 -1 38 -1 38 -1 38 -1 38 -1 #SUP: 61 #DPOWER: 0.998
37 -1 13 -1 37 -1 37 -1 38 -1 38 -1 37 -1 38 -1 #SUP: 61 #DPOWER: 0.998
38 -1 38 -1 13 -1 37 -1 37 -1 37 -1 37 -1 37 -1 37 -1 38 -1 38 -1 #SUP: 60 #DPOWER: 0.997
37 -1 38 -1 38 -1 13 -1 37 -1 38 -1 37 -1 #SUP: 60 #DPOWER: 0.907
37 -1 37 -1 38 -1 13 -1 37 -1 38 -1 37 -1 #SUP: 60 #DPOWER: 0.935
37 -1 37 -1 13 -1 38 -1 38 -1 37 -1 38 -1 37 -1 #SUP: 60 #DPOWER: 0.997
37 -1 37 -1 13 -1 37 -1 38 -1 38 -1 38 -1 37 -1 38 -1 #SUP: 60 #DPOWER: 0.997
37 -1 37 -1 13 -1 37 -1 38 -1 37 -1 38 -1 37 -1 #SUP: 60 #DPOWER: 0.997
37 -1 13 -1 37 -1 37 -1 38 -1 38 -1 38 -1 37 -1 38 -1 #SUP: 60 #DPOWER: 0.997
13 -1 37 -1 37 -1 38 -1 13 -1 37 -1 38 -1 38 -1 #SUP: 60 #DPOWER: 0.997
37 -1 38 -1 38 -1 13 -1 37 -1 37 -1 38 -1 38 -1 #SUP: 60 #DPOWER: 0.981
37 -1 37 -1 38 -1 13 -1 37 -1 37 -1 38 -1 38 -1 #SUP: 60 #DPOWER: 0.997
37 -1 37 -1 13 -1 37 -1 38 -1 38 -1 37 -1 38 -1 38 -1 #SUP: 60 #DPOWER: 0.997
37 -1 13 -1 37 -1 38 -1 38 -1 37 -1 37 -1 38 -1 38 -1 #SUP: 60 #DPOWER: 0.997
37 -1 13 -1 37 -1 37 -1 38 -1 38 -1 37 -1 38 -1 38 -1 #SUP: 60 #DPOWER: 0.997
13 -1 37 -1 37 -1 38 -1 38 -1 13 -1 37 -1 37 -1 38 -1 #SUP: 60 #DPOWER: 0.997
37 -1 13 -1 37 -1 37 -1 38 -1 38 -1 37 -1 37 -1 38 -1 #SUP: 60 #DPOWER: 0.997
13 -1 37 -1 38 -1 37 -1 37 -1 38 -1 38 -1 #SUP: 61 #DPOWER: 0.998
13 -1 37 -1 38 -1 13 -1 37 -1 38 -1 38 -1 #SUP: 61 #DPOWER: 0.998
37 -1 38 -1 13 -1 37 -1 37 -1 38 -1 38 -1 #SUP: 61 #DPOWER: 0.951
38 -1 38 -1 13 -1 37 -1 37 -1 37 -1 38 -1 38 -1 #SUP: 61 #DPOWER: 0.982
13 -1 37 -1 38 -1 37 -1 38 -1 37 -1 #SUP: 61 #DPOWER: 0.951
13 -1 37 -1 38 -1 37 -1 38 -1 37 -1 38 -1 #SUP: 60 #DPOWER: 0.981
38 -1 38 -1 37 -1 37 -1 13 -1 37 -1 37 -1 38 -1 #SUP: 60 #DPOWER: 0.981
38 -1 38 -1 13 -1 37 -1 37 -1 13 -1 37 -1 38 -1 #SUP: 60 #DPOWER: 0.965
38 -1 37 -1 37 -1 37 -1 13 -1 37 -1 37 -1 37 -1 13 -1 13 -1 37 -1 #SUP: 60 #DPOWER: 0.997
38 -1 37 -1 37 -1 13 -1 37 -1 37 -1 38 -1 38 -1 #SUP: 60 #DPOWER: 0.997
38 -1 37 -1 13 -1 37 -1 37 -1 37 -1 38 -1 38 -1 #SUP: 60 #DPOWER: 0.981
38 -1 13 -1 37 -1 38 -1 38 -1 38 -1 #SUP: 60 #DPOWER: 0.997
38 -1 13 -1 37 -1 37 -1 13 -1 37 -1 38 -1 38 -1 #SUP: 60 #DPOWER: 0.981
13 -1 37 -1 38 -1 13 -1 37 -1 37 -1 37 -1 37 -1 #SUP: 60 #DPOWER: 0.965
37 -1 37 -1 13 -1 37 -1 38 -1 38 -1 37 -1 37 -1 38 -1 #SUP: 60 #DPOWER: 0.997
37 -1 37 -1 13 -1 37 -1 37 -1 38 -1 38 -1 38 -1 38 -1 #SUP: 60 #DPOWER: 0.997
13 -1 38 -1 13 -1 37 -1 38 -1 37 -1 #SUP: 60 #DPOWER: 0.997
13 -1 37 -1 13 -1 37 -1 38 -1 37 -1 38 -1 #SUP: 60 #DPOWER: 0.997
13 -1 13 -1 37 -1 37 -1 38 -1 37 -1 38 -1 #SUP: 60 #DPOWER: 0.997
13 -1 37 -1 38 -1 13 -1 37 -1 37 -1 38 -1 #SUP: 61 #DPOWER: 0.998
13 -1 37 -1 37 -1 37 -1 37 -1 37 -1 37 -1 38 -1 38 -1 #SUP: 61 #DPOWER: 0.982
13 -1 37 -1 37 -1 13 -1 37 -1 37 -1 38 -1 38 -1 #SUP: 61 #DPOWER: 0.982
13 -1 37 -1 13 -1 37 -1 37 -1 37 -1 37 -1 38 -1 38 -1 #SUP: 61 #DPOWER: 0.982
13 -1 37 -1 37 -1 37 -1 40 -1 #SUP: 62 #DPOWER: 0.998
37 -1 13 -1 37 -1 37 -1 40 -1 #SUP: 62 #DPOWER: 0.998
13 -1 37 -1 40 -1 40 -1 37 -1 #SUP: 60 #DPOWER: 0.997
37 -1 13 -1 37 -1 37 -1 40 -1 40 -1 #SUP: 60 #DPOWER: 0.997
13 -1 37 -1 37 -1 40 -1 37 -1 #SUP: 61 #DPOWER: 0.982
37 -1 37 -1 37 -1 37 -1 40 -1 40 -1 37 -1 #SUP: 60 #DPOWER: 0.997
13 -1 37 -1 37 -1 37 -1 37 -1 40 -1 #SUP: 60 #DPOWER: 0.997
37 -1 39 -1 40 -1 #SUP: 60 #DPOWER: 0.997
38 -1 38 -1 37 -1 40 -1 #SUP: 62 #DPOWER: 0.998
37 -1 38 -1 13 -1 37 -1 37 -1 37 -1 38 -1 38 -1 #SUP: 60 #DPOWER: 0.950
37 -1 37 -1 37 -1 13 -1 37 -1 13 -1 37 -1 37 -1 37 -1 37 -1 37 -1 37 -1 #SUP: 61 #DPOWER: 0.908
38 -1 38 -1 13 -1 37 -1 37 -1 37 -1 37 -1 37 -1 37 -1 37 -1 37 -1 #SUP: 61 #DPOWER: 0.982
13 -1 37 -1 13 -1 37 -1 37 -1 37 -1 37 -1 37 -1 37 -1 38 -1 38 -1 #SUP: 60 #DPOWER: 0.997
13 -1 37 -1 13 -1 37 -1 37 -1 37 -1 37 -1 37 -1 37 -1 37 -1 37 -1 37 -1 37 -1 #SUP: 60 #DPOWER: 0.981
37 -1 37 -1 37 -1 37 -1 37 -1 13 -1 37 -1 37 -1 38 -1 38 -1 #SUP: 60 #DPOWER: 0.981
37 -1 13 -1 37 -1 37 -1 13 -1 37 -1 37 -1 38 -1 38 -1 #SUP: 60 #DPOWER: 0.981
37 -1 13 -1 37 -1 37 -1 13 -1 37 -1 37 -1 37 -1 37 -1 37 -1 37 -1 37 -1 #SUP: 60 #DPOWER: 0.935
38 -1 38 -1 37 -1 37 -1 37 -1 37 -1 37 -1 37 -1 37 -1 37 -1 37 -1 37 -1 37 -1 #SUP: 60 #DPOWER: 0.965
38 -1 13 -1 37 -1 37 -1 37 -1 37 -1 37 -1 37 -1 37 -1 37 -1 37 -1 37 -1 37 -1 #SUP: 60 #DPOWER: 0.981
13 -1 37 -1 37 -1 13 -1 37 -1 13 -1 37 -1 37 -1 37 -1 37 -1 37 -1 #SUP: 60 #DPOWER: 0.935
13 -1 37 -1 13 -1 37 -1 37 -1 37 -1 37 -1 37 -1 13 -1 37 -1 37 -1 #SUP: 60 #DPOWER: 0.935
13 -1 37 -1 13 -1 37 -1 37 -1 13 -1 37 -1 37 -1 37 -1 37 -1 37 -1 #SUP: 60 #DPOWER: 0.981
13 -1 37 -1 13 -1 37 -1 13 -1 37 -1 37 -1 37 -1 37 -1 37 -1 37 -1 #SUP: 60 #DPOWER: 0.997
13 -1 37 -1 13 -1 37 -1 13 -1 37 -1 37 -1 37 -1 37 -1 13 -1 37 -1 #SUP: 60 #DPOWER: 0.965
13 -1 37 -1 13 -1 37 -1 13 -1 37 -1 37 -1 37 -1 13 -1 37 -1 37 -1 #SUP: 60 #DPOWER: 0.921
37 -1 37 -1 37 -1 13 -1 37 -1 13 -1 37 -1 37 -1 13 -1 37 -1 37 -1 37 -1 #SUP: 60 #DPOWER: 0.921
37 -1 37 -1 37 -1 13 -1 37 -1 13 -1 37 -1 13 -1 37 -1 37 -1 37 -1 37 -1 #SUP: 60 #DPOWER: 0.907
37 -1 37 -1 13 -1 37 -1 13 -1 37 -1 37 -1 13 -1 37 -1 37 -1 37 -1 37 -1 #SUP: 60 #DPOWER: 0.981
37 -1 37 -1 13 -1 37 -1 13 -1 37 -1 37 -1 13 -1 37 -1 37 -1 13 -1 37 -1 #SUP: 60 #DPOWER: 0.950
37 -1 37 -1 13 -1 13 -1 37 -1 13 -1 37 -1 37 -1 37 -1 13 -1 37 -1 #SUP: 60 #DPOWER: 0.981
37 -1 13 -1 37 -1 37 -1 37 -1 13 -1 37 -1 37 -1 37 -1 13 -1 37 -1 37 -1 #SUP: 60 #DPOWER: 0.981
37 -1 13 -1 37 -1 37 -1 13 -1 37 -1 37 -1 13 -1 37 -1 37 -1 37 -1 #SUP: 60 #DPOWER: 0.935
37 -1 13 -1 37 -1 37 -1 13 -1 37 -1 13 -1 37 -1 37 -1 37 -1 13 -1 37 -1 #SUP: 60 #DPOWER: 0.965
38 -1 38 -1 37 -1 37 -1 37 -1 37 -1 37 -1 13 -1 37 -1 37 -1 37 -1 #SUP: 60 #DPOWER: 0.997
38 -1 38 -1 37 -1 37 -1 13 -1 37 -1 37 -1 37 -1 37 -1 37 -1 37 -1 #SUP: 60 #DPOWER: 0.997
38 -1 38 -1 37 -1 13 -1 37 -1 37 -1 37 -1 37 -1 37 -1 37 -1 37 -1 #SUP: 60 #DPOWER: 0.997
38 -1 38 -1 13 -1 37 -1 37 -1 37 -1 37 -1 37 -1 37 -1 13 -1 37 -1 #SUP: 60 #DPOWER: 0.997
38 -1 38 -1 13 -1 37 -1 37 -1 37 -1 37 -1 13 -1 37 -1 37 -1 37 -1 #SUP: 60 #DPOWER: 0.981
38 -1 38 -1 13 -1 37 -1 37 -1 37 -1 13 -1 37 -1 37 -1 37 -1 37 -1 #SUP: 60 #DPOWER: 0.981
38 -1 37 -1 37 -1 37 -1 13 -1 37 -1 37 -1 13 -1 37 -1 37 -1 37 -1 #SUP: 60 #DPOWER: 0.997
38 -1 37 -1 37 -1 13 -1 37 -1 37 -1 37 -1 13 -1 37 -1 37 -1 37 -1 #SUP: 60 #DPOWER: 0.997
38 -1 37 -1 13 -1 37 -1 37 -1 37 -1 37 -1 13 -1 37 -1 37 -1 37 -1 #SUP: 60 #DPOWER: 0.981
38 -1 37 -1 13 -1 37 -1 13 -1 37 -1 37 -1 37 -1 37 -1 37 -1 37 -1 #SUP: 60 #DPOWER: 0.981
38 -1 37 -1 13 -1 37 -1 13 -1 37 -1 37 -1 37 -1 13 -1 37 -1 37 -1 #SUP: 60 #DPOWER: 0.997
38 -1 37 -1 13 -1 37 -1 13 -1 37 -1 37 -1 13 -1 37 -1 37 -1 37 -1 #SUP: 60 #DPOWER: 0.997
38 -1 37 -1 13 -1 37 -1 13 -1 37 -1 37 -1 13 -1 37 -1 13 -1 37 -1 #SUP: 60 #DPOWER: 0.997
38 -1 37 -1 13 -1 37 -1 13 -1 37 -1 13 -1 37 -1 37 -1 13 -1 37 -1 #SUP: 60 #DPOWER: 0.997
38 -1 13 -1 37 -1 37 -1 37 -1 13 -1 37 -1 37 -1 37 -1 13 -1 37 -1 37 -1 #SUP: 60 #DPOWER: 0.997
38 -1 13 -1 37 -1 37 -1 37 -1 13 -1 13 -1 37 -1 37 -1 37 -1 #SUP: 60 #DPOWER: 0.997
38 -1 13 -1 37 -1 37 -1 37 -1 13 -1 13 -1 37 -1 13 -1 37 -1 #SUP: 60 #DPOWER: 0.981
38 -1 13 -1 37 -1 37 -1 13 -1 37 -1 37 -1 37 -1 37 -1 37 -1 37 -1 #SUP: 60 #DPOWER: 0.997
38 -1 13 -1 37 -1 37 -1 13 -1 37 -1 37 -1 13 -1 37 -1 37 -1 37 -1 #SUP: 60 #DPOWER: 0.997
38 -1 13 -1 37 -1 37 -1 13 -1 37 -1 37 -1 13 -1 37 -1 13 -1 37 -1 #SUP: 60 #DPOWER: 0.997
38 -1 13 -1 37 -1 37 -1 13 -1 37 -1 13 -1 37 -1 37 -1 37 -1 13 -1 37 -1 #SUP: 60 #DPOWER: 0.997
38 -1 13 -1 37 -1 13 -1 37 -1 37 -1 37 -1 37 -1 37 -1 37 -1 37 -1 #SUP: 60 #DPOWER: 0.950
38 -1 13 -1 37 -1 13 -1 37 -1 37 -1 37 -1 37 -1 13 -1 37 -1 37 -1 #SUP: 60 #DPOWER: 0.981
38 -1 13 -1 37 -1 13 -1 37 -1 37 -1 13 -1 37 -1 37 -1 13 -1 37 -1 #SUP: 60 #DPOWER: 0.997
38 -1 38 -1 37 -1 37 -1 37 -1 37 -1 37 -1 37 -1 13 -1 37 -1 37 -1 #SUP: 61 #DPOWER: 0.998
38 -1 38 -1 37 -1 37 -1 37 -1 37 -1 13 -1 37 -1 37 -1 37 -1 #SUP: 61 #DPOWER: 0.966
38 -1 38 -1 37 -1 37 -1 37 -1 13 -1 37 -1 37 -1 37 -1 37 -1 37 -1 #SUP: 61 #DPOWER: 0.998
38 -1 38 -1 13 -1 37 -1 37 -1 37 -1 37 -1 13 -1 37 -1 #SUP: 61 #DPOWER: 0.951
38 -1 38 -1 13 -1 37 -1 37 -1 37 -1 13 -1 37 -1 37 -1 #SUP: 61 #DPOWER: 0.951
38 -1 37 -1 37 -1 37 -1 37 -1 37 -1 13 -1 37 -1 37 -1 37 -1 #SUP: 61 #DPOWER: 0.951
38 -1 37 -1 37 -1 37 -1 13 -1 37 -1 37 -1 37 -1 13 -1 37 -1 37 -1 #SUP: 61 #DPOWER: 0.998
38 -1 37 -1 37 -1 37 -1 13 -1 37 -1 37 -1 13 -1 37 -1 13 -1 37 -1 #SUP: 61 #DPOWER: 0.998
38 -1 37 -1 37 -1 13 -1 37 -1 37 -1 37 -1 13 -1 37 -1 13 -1 37 -1 #SUP: 61 #DPOWER: 0.998
13 -1 37 -1 37 -1 13 -1 37 -1 40 -1 #SUP: 60 #DPOWER: 0.997
37 -1 37 -1 13 -1 37 -1 37 -1 40 -1 #SUP: 60 #DPOWER: 0.997
38 -1 38 -1 13 -1 37 -1 37 -1 37 -1 37 -1 37 -1 37 -1 #SUP: 62 #DPOWER: 0.924
13 -1 37 -1 37 -1 13 -1 37 -1 37 -1 37 -1 37 -1 38 -1 38 -1 #SUP: 60 #DPOWER: 0.997
38 -1 37 -1 37 -1 37 -1 37 -1 37 -1 13 -1 37 -1 13 -1 37 -1 37 -1 #SUP: 60 #DPOWER: 0.997
38 -1 37 -1 37 -1 37 -1 37 -1 37 -1 13 -1 13 -1 13 -1 37 -1 #SUP: 60 #DPOWER: 0.997
13 -1 37 -1 13 -1 37 -1 40 -1 #SUP: 61 #DPOWER: 0.998
37 -1 37 -1 37 -1 37 -1 37 -1 40 -1 37 -1 #SUP: 60 #DPOWER: 0.997
37 -1 37 -1 38 -1 38 -1 37 -1 38 -1 37 -1 38 -1 38 -1 #SUP: 60 #DPOWER: 0.997
37 -1 37 -1 37 -1 38 -1 38 -1 38 -1 37 -1 38 -1 38 -1 #SUP: 60 #DPOWER: 0.997
37 -1 37 -1 37 -1 37 -1 38 -1 38 -1 38 -1 38 -1 38 -1 #SUP: 60 #DPOWER: 0.997
38 -1 38 -1 37 -1 37 -1 38 -1 38 -1 38 -1 38 -1 38 -1 #SUP: 60 #DPOWER: 0.997
38 -1 38 -1 37 -1 37 -1 38 -1 37 -1 38 -1 38 -1 38 -1 #SUP: 60 #DPOWER: 0.997
38 -1 38 -1 37 -1 37 -1 37 -1 38 -1 37 -1 38 -1 38 -1 #SUP: 60 #DPOWER: 0.997
38 -1 38 -1 37 -1 37 -1 37 -1 37 -1 38 -1 38 -1 38 -1 38 -1 #SUP: 60 #DPOWER: 0.997
38 -1 37 -1 37 -1 37 -1 38 -1 38 -1 38 -1 38 -1 38 -1 #SUP: 60 #DPOWER: 0.997
37 -1 37 -1 37 -1 38 -1 38 -1 38 -1 37 -1 38 -1 #SUP: 61 #DPOWER: 0.908
37 -1 37 -1 38 -1 38 -1 13 -1 37 -1 37 -1 37 -1 #SUP: 61 #DPOWER: 0.966
37 -1 37 -1 37 -1 38 -1 38 -1 37 -1 37 -1 38 -1 38 -1 #SUP: 61 #DPOWER: 0.982
37 -1 37 -1 38 -1 38 -1 37 -1 37 -1 38 -1 37 -1 #SUP: 60 #DPOWER: 0.907
37 -1 37 -1 38 -1 38 -1 37 -1 37 -1 37 -1 37 -1 37 -1 37 -1 #SUP: 60 #DPOWER: 0.981
37 -1 37 -1 38 -1 38 -1 13 -1 37 -1 37 -1 #SUP: 62 #DPOWER: 0.967
37 -1 37 -1 38 -1 38 -1 13 -1 37 -1 37 -1 37 -1 37 -1 #SUP: 60 #DPOWER: 0.997
37 -1 38 -1 37 -1 40 -1 #SUP: 62 #DPOWER: 0.998
37 -1 38 -1 37 -1 40 -1 40 -1 #SUP: 60 #DPOWER: 0.997
38 -1 38 -1 37 -1 37 -1 37 -1 37 -1 37 -1 37 -1 38 -1 38 -1 #SUP: 62 #DPOWER: 0.982
38 -1 38 -1 37 -1 37 -1 37 -1 38 -1 37 -1 38 -1 #SUP: 61 #DPOWER: 0.966
37 -1 38 -1 37 -1 37 -1 40 -1 #SUP: 61 #DPOWER: 0.998
37 -1 38 -1 37 -1 37 -1 37 -1 37 -1 40 -1 #SUP: 60 #DPOWER: 0.997
37 -1 38 -1 37 -1 37 -1 37 -1 37 -1 37 -1 38 -1 38 -1 #SUP: 60 #DPOWER: 0.965
38 -1 38 -1 37 -1 37 -1 37 -1 37 -1 37 -1 13 -1 37 -1 #SUP: 62 #DPOWER: 0.982
38 -1 38 -1 37 -1 37 -1 37 -1 13 -1 37 -1 37 -1 37 -1 #SUP: 62 #DPOWER: 0.952
38 -1 37 -1 37 -1 37 -1 13 -1 37 -1 37 -1 13 -1 37 -1 #SUP: 62 #DPOWER: 0.967
37 -1 38 -1 37 -1 37 -1 37 -1 13 -1 37 -1 37 -1 37 -1 13 -1 37 -1 37 -1 #SUP: 60 #DPOWER: 0.997
37 -1 38 -1 37 -1 37 -1 37 -1 13 -1 37 -1 37 -1 13 -1 37 -1 13 -1 37 -1 #SUP: 60 #DPOWER: 0.997
37 -1 38 -1 37 -1 37 -1 13 -1 37 -1 37 -1 37 -1 13 -1 37 -1 13 -1 37 -1 #SUP: 60 #DPOWER: 0.997
37 -1 37 -1 13 -1 37 -1 37 -1 38 -1 37 -1 38 -1 #SUP: 61 #DPOWER: 0.966
37 -1 38 -1 37 -1 37 -1 13 -1 37 -1 37 -1 13 -1 37 -1 #SUP: 61 #DPOWER: 0.951
37 -1 38 -1 13 -1 37 -1 37 -1 40 -1 #SUP: 60 #DPOWER: 0.997
38 -1 40 -1 37 -1 #SUP: 60 #DPOWER: 0.997
38 -1 37 -1 37 -1 37 -1 37 -1 40 -1 #SUP: 61 #DPOWER: 0.998
37 -1 38 -1 13 -1 37 -1 37 -1 37 -1 37 -1 37 -1 37 -1 37 -1 37 -1 #SUP: 60 #DPOWER: 0.935
37 -1 37 -1 37 -1 37 -1 37 -1 38 -1 38 -1 38 -1 38 -1 #SUP: 61 #DPOWER: 0.936
37 -1 37 -1 37 -1 37 -1 40 -1 #SUP: 64 #DPOWER: 0.999
37 -1 37 -1 37 -1 37 -1 40 -1 40 -1 #SUP: 62 #DPOWER: 0.998
37 -1 37 -1 40 -1 37 -1 37 -1 #SUP: 60 #DPOWER: 0.921
37 -1 37 -1 40 -1 40 -1 37 -1 #SUP: 61 #DPOWER: 0.908
37 -1 37 -1 37 -1 38 -1 38 -1 37 -1 38 -1 37 -1 #SUP: 60 #DPOWER: 0.921
37 -1 37 -1 37 -1 38 -1 38 -1 13 -1 37 -1 37 -1 38 -1 #SUP: 60 #DPOWER: 0.997
37 -1 37 -1 13 -1 37 -1 38 -1 38 -1 13 -1 37 -1 #SUP: 60 #DPOWER: 0.981
37 -1 13 -1 37 -1 37 -1 38 -1 38 -1 13 -1 37 -1 38 -1 #SUP: 60 #DPOWER: 0.997
37 -1 37 -1 37 -1 37 -1 37 -1 13 -1 37 -1 38 -1 38 -1 #SUP: 61 #DPOWER: 0.982
37 -1 37 -1 37 -1 13 -1 37 -1 37 -1 38 -1 38 -1 #SUP: 61 #DPOWER: 0.922
37 -1 13 -1 37 -1 37 -1 38 -1 13 -1 37 -1 38 -1 #SUP: 61 #DPOWER: 0.998
37 -1 13 -1 37 -1 37 -1 13 -1 37 -1 38 -1 38 -1 #SUP: 61 #DPOWER: 0.966
37 -1 37 -1 37 -1 37 -1 40 -1 37 -1 #SUP: 61 #DPOWER: 0.998
37 -1 37 -1 37 -1 37 -1 38 -1 38 -1 38 -1 37 -1 38 -1 #SUP: 60 #DPOWER: 0.981
37 -1 37 -1 37 -1 37 -1 38 -1 38 -1 37 -1 38 -1 38 -1 #SUP: 60 #DPOWER: 0.935
37 -1 37 -1 37 -1 37 -1 38 -1 38 -1 37 -1 37 -1 38 -1 #SUP: 60 #DPOWER: 0.921
37 -1 37 -1 13 -1 37 -1 37 -1 38 -1 38 -1 37 -1 #SUP: 60 #DPOWER: 0.935
37 -1 37 -1 37 -1 37 -1 38 -1 13 -1 37 -1 38 -1 #SUP: 60 #DPOWER: 0.965
37 -1 37 -1 37 -1 13 -1 37 -1 38 -1 13 -1 37 -1 #SUP: 60 #DPOWER: 0.935
37 -1 37 -1 13 -1 37 -1 37 -1 38 -1 13 -1 37 -1 #SUP: 60 #DPOWER: 0.981
38 -1 38 -1 13 -1 37 -1 37 -1 13 -1 37 -1 37 -1 37 -1 37 -1 #SUP: 61 #DPOWER: 0.982
37 -1 37 -1 37 -1 37 -1 37 -1 40 -1 #SUP: 63 #DPOWER: 0.998
37 -1 37 -1 37 -1 37 -1 37 -1 40 -1 40 -1 #SUP: 60 #DPOWER: 0.997
37 -1 37 -1 37 -1 37 -1 37 -1 37 -1 40 -1 #SUP: 61 #DPOWER: 0.998
38 -1 38 -1 37 -1 37 -1 37 -1 13 -1 37 -1 37 -1 13 -1 37 -1 #SUP: 61 #DPOWER: 0.998
38 -1 38 -1 37 -1 37 -1 37 -1 37 -1 37 -1 37 -1 37 -1 37 -1 13 -1 37 -1 #SUP: 60 #DPOWER: 0.997
38 -1 38 -1 37 -1 37 -1 37 -1 37 -1 37 -1 37 -1 37 -1 13 -1 37 -1 37 -1 #SUP: 60 #DPOWER: 0.997
38 -1 37 -1 37 -1 37 -1 37 -1 37 -1 37 -1 37 -1 37 -1 37 -1 13 -1 37 -1 #SUP: 60 #DPOWER: 0.997
38 -1 37 -1 37 -1 37 -1 37 -1 37 -1 37 -1 37 -1 37 -1 13 -1 37 -1 37 -1 #SUP: 60 #DPOWER: 0.997
38 -1 37 -1 37 -1 37 -1 37 -1 37 -1 13 -1 37 -1 37 -1 13 -1 37 -1 #SUP: 60 #DPOWER: 0.997
38 -1 37 -1 37 -1 37 -1 13 -1 37 -1 37 -1 37 -1 37 -1 13 -1 37 -1 #SUP: 60 #DPOWER: 0.997
38 -1 37 -1 37 -1 37 -1 37 -1 38 -1 37 -1 38 -1 #SUP: 60 #DPOWER: 0.981
37 -1 37 -1 13 -1 37 -1 38 -1 13 -1 37 -1 38 -1 #SUP: 60 #DPOWER: 0.997
37 -1 37 -1 13 -1 37 -1 37 -1 13 -1 37 -1 38 -1 38 -1 #SUP: 60 #DPOWER: 0.997
37 -1 37 -1 13 -1 37 -1 13 -1 37 -1 37 -1 37 -1 37 -1 37 -1 37 -1 37 -1 #SUP: 60 #DPOWER: 0.981
37 -1 13 -1 37 -1 40 -1 37 -1 #SUP: 60 #DPOWER: 0.997
37 -1 13 -1 37 -1 37 -1 37 -1 40 -1 #SUP: 61 #DPOWER: 0.998
38 -1 38 -1 38 -1 13 -1 37 -1 38 -1 #SUP: 60 #DPOWER: 0.981
38 -1 38 -1 13 -1 37 -1 37 -1 38 -1 13 -1 37 -1 #SUP: 60 #DPOWER: 0.935
38 -1 38 -1 37 -1 40 -1 40 -1 #SUP: 60 #DPOWER: 0.997
38 -1 38 -1 37 -1 37 -1 37 -1 37 -1 40 -1 #SUP: 60 #DPOWER: 0.997
38 -1 38 -1 37 -1 37 -1 37 -1 37 -1 37 -1 37 -1 37 -1 37 -1 37 -1 #SUP: 61 #DPOWER: 0.908
38 -1 38 -1 37 -1 37 -1 37 -1 13 -1 37 -1 37 -1 37 -1 13 -1 37 -1 37 -1 #SUP: 60 #DPOWER: 0.997
38 -1 38 -1 37 -1 37 -1 37 -1 13 -1 37 -1 37 -1 13 -1 37 -1 13 -1 37 -1 #SUP: 60 #DPOWER: 0.997
38 -1 38 -1 37 -1 37 -1 13 -1 37 -1 37 -1 37 -1 13 -1 37 -1 13 -1 37 -1 #SUP: 60 #DPOWER: 0.997
38 -1 38 -1 37 -1 37 -1 13 -1 37 -1 37 -1 37 -1 #SUP: 63 #DPOWER: 0.939
38 -1 38 -1 37 -1 37 -1 13 -1 37 -1 37 -1 37 -1 37 -1 #SUP: 62 #DPOWER: 0.967
38 -1 38 -1 13 -1 37 -1 37 -1 13 -1 37 -1 37 -1 #SUP: 62 #DPOWER: 0.938
38 -1 37 -1 40 -1 #SUP: 63 #DPOWER: 0.998
38 -1 37 -1 40 -1 40 -1 #SUP: 61 #DPOWER: 0.998
38 -1 37 -1 38 -1 37 -1 38 -1 37 -1 38 -1 #SUP: 60 #DPOWER: 0.965
38 -1 37 -1 38 -1 37 -1 37 -1 38 -1 38 -1 #SUP: 60 #DPOWER: 0.950
38 -1 37 -1 37 -1 40 -1 #SUP: 62 #DPOWER: 0.998
38 -1 37 -1 37 -1 40 -1 40 -1 #SUP: 60 #DPOWER: 0.997
39 -1 40 -1 #SUP: 61 #DPOWER: 0.998
38 -1 13 -1 37 -1 37 -1 40 -1 #SUP: 61 #DPOWER: 0.998
38 -1 13 -1 37 -1 37 -1 37 -1 40 -1 #SUP: 60 #DPOWER: 0.997
39 -1 40 -1 40 -1 #SUP: 60 #DPOWER: 0.997
39 -1 40 -1 37 -1 #SUP: 60 #DPOWER: 0.997
40 -1 40 -1 40 -1 40 -1 #SUP: 60 #DPOWER: 0.935
40 -1 40 -1 13 -1 37 -1 #SUP: 61 #DPOWER: 0.951
