47 -1 30 -1 30 -1 #SUP: 110 #DPOWER: 1.000
47 -1 30 -1 47 -1 #SUP: 103 #DPOWER: 0.979
47 -1 30 -1 47 -1 30 -1 #SUP: 96 #DPOWER: 0.995
47 -1 30 -1 42 -1 30 -1 #SUP: 94 #DPOWER: 0.995
47 -1 30 -1 42 -1 30 -1 30 -1 #SUP: 76 #DPOWER: 0.989
47 -1 30 -1 30 -1 47 -1 #SUP: 89 #DPOWER: 0.993
47 -1 30 -1 30 -1 47 -1 30 -1 #SUP: 82 #DPOWER: 0.991
47 -1 30 -1 30 -1 30 -1 30 -1 #SUP: 90 #DPOWER: 0.993
47 -1 42 -1 30 -1 #SUP: 96 #DPOWER: 0.975
47 -1 42 -1 30 -1 47 -1 #SUP: 79 #DPOWER: 0.990
47 -1 42 -1 42 -1 30 -1 #SUP: 78 #DPOWER: 0.990
47 -1 42 -1 30 -1 42 -1 30 -1 #SUP: 77 #DPOWER: 0.989
47 -1 42 -1 30 -1 30 -1 #SUP: 84 #DPOWER: 0.992
47 -1 42 -1 30 -1 30 -1 30 -1 #SUP: 75 #DPOWER: 0.989
