37 -1 38 -1 38 -1 37 -1 37 -1 37 -1 38 -1 38 -1 #SUP: 36 #DPOWER: 0.999
37 -1 10 -1 38 -1 38 -1 38 -1 38 -1 37 -1 #SUP: 36 #DPOWER: 0.999
37 -1 10 -1 38 -1 38 -1 37 -1 38 -1 38 -1 #SUP: 36 #DPOWER: 0.999
37 -1 10 -1 38 -1 38 -1 37 -1 37 -1 38 -1 #SUP: 36 #DPOWER: 0.999
37 -1 10 -1 38 -1 38 -1 37 -1 37 -1 37 -1 #SUP: 36 #DPOWER: 0.999
37 -1 10 -1 38 -1 37 -1 37 -1 37 -1 38 -1 38 -1 #SUP: 36 #DPOWER: 0.999
37 -1 37 -1 37 -1 37 -1 38 -1 38 -1 37 -1 37 -1 37 -1 #SUP: 36 #DPOWER: 0.972
37 -1 37 -1 37 -1 37 -1 10 -1 38 -1 37 -1 38 -1 #SUP: 36 #DPOWER: 0.999
37 -1 37 -1 37 -1 37 -1 37 -1 38 -1 37 -1 37 -1 37 -1 #SUP: 36 #DPOWER: 0.972
37 -1 37 -1 37 -1 37 -1 37 -1 37 -1 10 -1 38 -1 37 -1 #SUP: 36 #DPOWER: 0.999
37 -1 10 -1 38 -1 38 -1 38 -1 38 -1 38 -1 37 -1 37 -1 #SUP: 34 #DPOWER: 0.999
37 -1 10 -1 38 -1 38 -1 38 -1 38 -1 37 -1 38 -1 #SUP: 34 #DPOWER: 0.999
37 -1 10 -1 38 -1 38 -1 38 -1 38 -1 37 -1 37 -1 37 -1 #SUP: 34 #DPOWER: 0.999
37 -1 10 -1 38 -1 38 -1 38 -1 37 -1 38 -1 38 -1 #SUP: 34 #DPOWER: 0.999
37 -1 10 -1 38 -1 38 -1 38 -1 37 -1 37 -1 38 -1 #SUP: 34 #DPOWER: 0.999
37 -1 38 -1 38 -1 38 -1 38 -1 37 -1 38 -1 38 -1 #SUP: 35 #DPOWER: 0.999
37 -1 10 -1 38 -1 38 -1 38 -1 38 -1 37 -1 37 -1 #SUP: 35 #DPOWER: 0.999
37 -1 10 -1 38 -1 38 -1 38 -1 37 -1 38 -1 #SUP: 35 #DPOWER: 0.999
37 -1 10 -1 38 -1 38 -1 38 -1 37 -1 37 -1 37 -1 #SUP: 35 #DPOWER: 0.999
37 -1 37 -1 37 -1 37 -1 37 -1 38 -1 38 -1 37 -1 37 -1 37 -1 #SUP: 35 #DPOWER: 0.999
37 -1 37 -1 37 -1 37 -1 37 -1 10 -1 38 -1 37 -1 38 -1 #SUP: 35 #DPOWER: 0.999
37 -1 37 -1 37 -1 37 -1 37 -1 37 -1 38 -1 37 -1 37 -1 37 -1 #SUP: 35 #DPOWER: 0.999
37 -1 38 -1 38 -1 37 -1 37 -1 37 -1 37 -1 13 -1 37 -1 37 -1 37 -1 37 -1 #SUP: 34 #DPOWER: 0.999
37 -1 38 -1 38 -1 37 -1 13 -1 37 -1 38 -1 13 -1 37 -1 #SUP: 34 #DPOWER: 0.999
37 -1 38 -1 38 -1 13 -1 37 -1 37 -1 37 -1 38 -1 38 -1 13 -1 37 -1 #SUP: 34 #DPOWER: 0.999
37 -1 38 -1 38 -1 13 -1 37 -1 37 -1 37 -1 37 -1 38 -1 13 -1 37 -1 #SUP: 34 #DPOWER: 0.999
37 -1 38 -1 38 -1 13 -1 37 -1 13 -1 37 -1 38 -1 13 -1 #SUP: 34 #DPOWER: 0.999
37 -1 38 -1 37 -1 38 -1 37 -1 13 -1 13 -1 37 -1 #SUP: 34 #DPOWER: 0.999
37 -1 38 -1 37 -1 38 -1 13 -1 37 -1 38 -1 13 -1 37 -1 #SUP: 34 #DPOWER: 0.999
37 -1 38 -1 37 -1 38 -1 13 -1 37 -1 13 -1 13 -1 #SUP: 34 #DPOWER: 0.999
37 -1 38 -1 37 -1 37 -1 37 -1 37 -1 38 -1 38 -1 13 -1 37 -1 #SUP: 34 #DPOWER: 0.999
37 -1 38 -1 37 -1 37 -1 37 -1 37 -1 37 -1 38 -1 13 -1 37 -1 #SUP: 34 #DPOWER: 0.999
37 -1 38 -1 37 -1 37 -1 37 -1 37 -1 37 -1 13 -1 37 -1 37 -1 37 -1 #SUP: 34 #DPOWER: 0.970
37 -1 38 -1 37 -1 37 -1 37 -1 37 -1 37 -1 13 -1 13 -1 37 -1 37 -1 #SUP: 34 #DPOWER: 0.999
37 -1 38 -1 37 -1 37 -1 37 -1 37 -1 13 -1 37 -1 13 -1 37 -1 37 -1 #SUP: 34 #DPOWER: 0.943
37 -1 38 -1 37 -1 37 -1 37 -1 13 -1 37 -1 38 -1 13 -1 37 -1 #SUP: 34 #DPOWER: 0.999
37 -1 38 -1 37 -1 37 -1 37 -1 13 -1 37 -1 13 -1 37 -1 37 -1 37 -1 #SUP: 34 #DPOWER: 0.970
37 -1 38 -1 37 -1 37 -1 37 -1 13 -1 37 -1 13 -1 13 -1 37 -1 37 -1 #SUP: 34 #DPOWER: 0.970
37 -1 38 -1 13 -1 37 -1 38 -1 37 -1 38 -1 13 -1 37 -1 #SUP: 34 #DPOWER: 0.999
37 -1 38 -1 13 -1 37 -1 38 -1 37 -1 13 -1 37 -1 37 -1 37 -1 #SUP: 34 #DPOWER: 0.999
37 -1 38 -1 13 -1 37 -1 38 -1 13 -1 37 -1 37 -1 37 -1 37 -1 #SUP: 34 #DPOWER: 0.999
37 -1 38 -1 13 -1 37 -1 37 -1 37 -1 37 -1 13 -1 37 -1 37 -1 37 -1 37 -1 #SUP: 34 #DPOWER: 0.999
37 -1 38 -1 13 -1 37 -1 13 -1 37 -1 38 -1 13 -1 37 -1 #SUP: 34 #DPOWER: 0.999
37 -1 38 -1 13 -1 37 -1 13 -1 37 -1 13 -1 37 -1 37 -1 37 -1 #SUP: 34 #DPOWER: 0.943
37 -1 10 -1 38 -1 38 -1 37 -1 38 -1 38 -1 13 -1 37 -1 #SUP: 34 #DPOWER: 0.999
37 -1 10 -1 38 -1 38 -1 37 -1 37 -1 38 -1 13 -1 37 -1 #SUP: 34 #DPOWER: 0.999
37 -1 10 -1 38 -1 38 -1 37 -1 13 -1 37 -1 37 -1 37 -1 37 -1 #SUP: 34 #DPOWER: 0.999
37 -1 10 -1 38 -1 38 -1 13 -1 37 -1 37 -1 37 -1 37 -1 37 -1 37 -1 #SUP: 34 #DPOWER: 0.999
37 -1 10 -1 38 -1 37 -1 38 -1 37 -1 38 -1 13 -1 37 -1 #SUP: 34 #DPOWER: 0.999
37 -1 10 -1 38 -1 37 -1 38 -1 37 -1 13 -1 37 -1 37 -1 #SUP: 34 #DPOWER: 0.999
37 -1 10 -1 38 -1 37 -1 38 -1 13 -1 37 -1 37 -1 37 -1 #SUP: 34 #DPOWER: 0.999
37 -1 10 -1 38 -1 37 -1 37 -1 37 -1 38 -1 38 -1 13 -1 37 -1 #SUP: 34 #DPOWER: 0.999
37 -1 10 -1 38 -1 37 -1 37 -1 37 -1 37 -1 38 -1 13 -1 37 -1 #SUP: 34 #DPOWER: 0.999
37 -1 10 -1 38 -1 37 -1 37 -1 37 -1 37 -1 13 -1 37 -1 37 -1 37 -1 37 -1 #SUP: 34 #DPOWER: 0.999
37 -1 10 -1 38 -1 37 -1 13 -1 37 -1 38 -1 13 -1 37 -1 #SUP: 34 #DPOWER: 0.999
37 -1 10 -1 38 -1 13 -1 37 -1 38 -1 38 -1 13 -1 37 -1 #SUP: 34 #DPOWER: 0.999
37 -1 10 -1 38 -1 13 -1 37 -1 38 -1 37 -1 37 -1 37 -1 #SUP: 34 #DPOWER: 0.999
37 -1 10 -1 38 -1 13 -1 37 -1 38 -1 37 -1 13 -1 37 -1 #SUP: 34 #DPOWER: 0.999
37 -1 10 -1 38 -1 13 -1 37 -1 37 -1 37 -1 37 -1 13 -1 37 -1 #SUP: 34 #DPOWER: 0.999
37 -1 10 -1 38 -1 13 -1 37 -1 13 -1 37 -1 13 -1 #SUP: 34 #DPOWER: 0.999
37 -1 37 -1 38 -1 37 -1 38 -1 13 -1 37 -1 37 -1 37 -1 #SUP: 34 #DPOWER: 0.999
37 -1 37 -1 38 -1 13 -1 37 -1 38 -1 37 -1 37 -1 37 -1 #SUP: 34 #DPOWER: 0.999
37 -1 37 -1 37 -1 37 -1 38 -1 38 -1 13 -1 37 -1 37 -1 37 -1 #SUP: 34 #DPOWER: 0.999
37 -1 37 -1 37 -1 37 -1 10 -1 38 -1 13 -1 37 -1 38 -1 #SUP: 34 #DPOWER: 0.999
37 -1 37 -1 37 -1 37 -1 37 -1 38 -1 37 -1 13 -1 37 -1 37 -1 37 -1 #SUP: 34 #DPOWER: 0.999
37 -1 37 -1 37 -1 37 -1 37 -1 38 -1 37 -1 13 -1 13 -1 37 -1 #SUP: 34 #DPOWER: 0.999
37 -1 37 -1 37 -1 37 -1 37 -1 38 -1 13 -1 37 -1 38 -1 13 -1 37 -1 #SUP: 34 #DPOWER: 0.999
37 -1 37 -1 37 -1 37 -1 37 -1 38 -1 13 -1 37 -1 37 -1 37 -1 37 -1 #SUP: 34 #DPOWER: 0.999
37 -1 37 -1 37 -1 37 -1 37 -1 38 -1 13 -1 37 -1 13 -1 13 -1 #SUP: 34 #DPOWER: 0.999
37 -1 37 -1 37 -1 37 -1 37 -1 13 -1 37 -1 10 -1 38 -1 13 -1 37 -1 #SUP: 34 #DPOWER: 0.999
37 -1 37 -1 37 -1 37 -1 13 -1 37 -1 38 -1 13 -1 37 -1 37 -1 37 -1 #SUP: 34 #DPOWER: 0.999
37 -1 13 -1 38 -1 37 -1 38 -1 13 -1 37 -1 37 -1 37 -1 #SUP: 34 #DPOWER: 0.999
37 -1 13 -1 37 -1 13 -1 37 -1 10 -1 38 -1 13 -1 37 -1 #SUP: 34 #DPOWER: 0.999
37 -1 13 -1 13 -1 37 -1 38 -1 13 -1 37 -1 37 -1 37 -1 #SUP: 34 #DPOWER: 0.999
38 -1 38 -1 13 -1 37 -1 37 -1 37 -1 37 -1 13 -1 37 -1 37 -1 37 -1 37 -1 #SUP: 34 #DPOWER: 0.999
38 -1 38 -1 13 -1 37 -1 13 -1 37 -1 38 -1 13 -1 37 -1 #SUP: 34 #DPOWER: 0.999
38 -1 38 -1 13 -1 37 -1 13 -1 37 -1 13 -1 37 -1 37 -1 37 -1 #SUP: 34 #DPOWER: 0.999
38 -1 37 -1 38 -1 37 -1 13 -1 13 -1 37 -1 37 -1 37 -1 #SUP: 34 #DPOWER: 0.999
38 -1 37 -1 38 -1 13 -1 37 -1 13 -1 37 -1 37 -1 37 -1 #SUP: 34 #DPOWER: 0.970
38 -1 37 -1 38 -1 13 -1 37 -1 13 -1 13 -1 37 -1 37 -1 #SUP: 34 #DPOWER: 0.999
37 -1 38 -1 38 -1 38 -1 38 -1 37 -1 38 -1 37 -1 38 -1 #SUP: 34 #DPOWER: 0.999
37 -1 38 -1 38 -1 38 -1 38 -1 37 -1 37 -1 38 -1 37 -1 #SUP: 34 #DPOWER: 0.943
37 -1 38 -1 38 -1 38 -1 38 -1 37 -1 37 -1 37 -1 37 -1 37 -1 37 -1 37 -1 #SUP: 34 #DPOWER: 0.999
37 -1 38 -1 38 -1 38 -1 37 -1 38 -1 38 -1 37 -1 37 -1 37 -1 #SUP: 34 #DPOWER: 0.999
37 -1 38 -1 38 -1 38 -1 37 -1 38 -1 37 -1 38 -1 37 -1 #SUP: 34 #DPOWER: 0.999
37 -1 38 -1 38 -1 38 -1 37 -1 37 -1 38 -1 37 -1 37 -1 37 -1 37 -1 #SUP: 34 #DPOWER: 0.999
37 -1 38 -1 38 -1 38 -1 37 -1 37 -1 37 -1 37 -1 37 -1 37 -1 37 -1 37 -1 #SUP: 34 #DPOWER: 0.999
37 -1 38 -1 38 -1 37 -1 37 -1 37 -1 38 -1 38 -1 37 -1 37 -1 37 -1 #SUP: 34 #DPOWER: 0.999
37 -1 38 -1 38 -1 37 -1 37 -1 37 -1 38 -1 37 -1 38 -1 37 -1 #SUP: 34 #DPOWER: 0.999
37 -1 38 -1 38 -1 37 -1 37 -1 37 -1 37 -1 38 -1 37 -1 37 -1 37 -1 37 -1 #SUP: 34 #DPOWER: 0.999
37 -1 38 -1 37 -1 38 -1 37 -1 38 -1 37 -1 37 -1 37 -1 #SUP: 34 #DPOWER: 0.999
37 -1 38 -1 37 -1 37 -1 37 -1 37 -1 38 -1 38 -1 37 -1 37 -1 37 -1 #SUP: 34 #DPOWER: 0.999
37 -1 38 -1 37 -1 37 -1 37 -1 37 -1 38 -1 37 -1 38 -1 37 -1 #SUP: 34 #DPOWER: 0.999
37 -1 38 -1 37 -1 37 -1 37 -1 37 -1 37 -1 38 -1 37 -1 37 -1 37 -1 #SUP: 34 #DPOWER: 0.999
37 -1 10 -1 38 -1 38 -1 38 -1 37 -1 38 -1 37 -1 37 -1 #SUP: 34 #DPOWER: 0.999
37 -1 10 -1 38 -1 38 -1 37 -1 38 -1 38 -1 37 -1 37 -1 #SUP: 34 #DPOWER: 0.999
37 -1 10 -1 38 -1 38 -1 37 -1 38 -1 37 -1 38 -1 37 -1 #SUP: 34 #DPOWER: 0.999
37 -1 10 -1 38 -1 38 -1 37 -1 37 -1 38 -1 37 -1 37 -1 37 -1 #SUP: 34 #DPOWER: 0.999
37 -1 10 -1 38 -1 37 -1 38 -1 37 -1 38 -1 37 -1 37 -1 #SUP: 34 #DPOWER: 0.999
37 -1 10 -1 38 -1 37 -1 37 -1 37 -1 38 -1 38 -1 37 -1 37 -1 #SUP: 34 #DPOWER: 0.999
37 -1 10 -1 38 -1 37 -1 37 -1 37 -1 38 -1 37 -1 38 -1 37 -1 #SUP: 34 #DPOWER: 0.999
37 -1 10 -1 38 -1 37 -1 37 -1 37 -1 37 -1 38 -1 37 -1 37 -1 37 -1 #SUP: 34 #DPOWER: 0.999
38 -1 38 -1 38 -1 38 -1 37 -1 38 -1 38 -1 37 -1 37 -1 37 -1 #SUP: 34 #DPOWER: 0.999
38 -1 38 -1 38 -1 38 -1 37 -1 38 -1 37 -1 38 -1 37 -1 #SUP: 34 #DPOWER: 0.999
38 -1 38 -1 38 -1 38 -1 37 -1 37 -1 38 -1 37 -1 37 -1 37 -1 37 -1 #SUP: 34 #DPOWER: 0.999
38 -1 38 -1 38 -1 38 -1 37 -1 37 -1 37 -1 37 -1 37 -1 37 -1 37 -1 37 -1 #SUP: 34 #DPOWER: 0.999
38 -1 38 -1 37 -1 38 -1 37 -1 38 -1 37 -1 37 -1 37 -1 #SUP: 34 #DPOWER: 0.999
38 -1 37 -1 37 -1 38 -1 37 -1 38 -1 37 -1 37 -1 37 -1 #SUP: 34 #DPOWER: 0.999
37 -1 38 -1 38 -1 37 -1 37 -1 37 -1 38 -1 38 -1 37 -1 #SUP: 35 #DPOWER: 0.999
37 -1 38 -1 38 -1 37 -1 37 -1 37 -1 37 -1 38 -1 37 -1 #SUP: 35 #DPOWER: 0.945
37 -1 38 -1 38 -1 37 -1 37 -1 37 -1 37 -1 37 -1 37 -1 37 -1 37 -1 #SUP: 35 #DPOWER: 0.971
37 -1 38 -1 37 -1 37 -1 37 -1 37 -1 38 -1 38 -1 37 -1 #SUP: 35 #DPOWER: 0.945
37 -1 10 -1 38 -1 38 -1 37 -1 38 -1 38 -1 37 -1 #SUP: 35 #DPOWER: 0.999
37 -1 10 -1 38 -1 38 -1 37 -1 37 -1 38 -1 37 -1 #SUP: 35 #DPOWER: 0.999
37 -1 10 -1 38 -1 38 -1 37 -1 37 -1 37 -1 37 -1 37 -1 37 -1 37 -1 #SUP: 35 #DPOWER: 0.999
37 -1 10 -1 38 -1 37 -1 38 -1 37 -1 38 -1 37 -1 #SUP: 35 #DPOWER: 0.999
37 -1 10 -1 38 -1 37 -1 38 -1 37 -1 37 -1 37 -1 #SUP: 35 #DPOWER: 0.999
37 -1 10 -1 38 -1 37 -1 37 -1 37 -1 38 -1 38 -1 37 -1 #SUP: 35 #DPOWER: 0.999
37 -1 10 -1 38 -1 37 -1 37 -1 37 -1 37 -1 38 -1 37 -1 #SUP: 35 #DPOWER: 0.999
37 -1 10 -1 38 -1 37 -1 37 -1 37 -1 37 -1 37 -1 37 -1 37 -1 37 -1 #SUP: 35 #DPOWER: 0.999
37 -1 37 -1 38 -1 37 -1 38 -1 37 -1 37 -1 37 -1 #SUP: 35 #DPOWER: 0.999
37 -1 37 -1 37 -1 37 -1 37 -1 38 -1 37 -1 38 -1 37 -1 #SUP: 35 #DPOWER: 0.999
37 -1 37 -1 37 -1 37 -1 37 -1 38 -1 37 -1 37 -1 37 -1 37 -1 #SUP: 35 #DPOWER: 0.999
37 -1 10 -1 38 -1 38 -1 37 -1 37 -1 37 -1 38 -1 38 -1 #SUP: 35 #DPOWER: 0.999
37 -1 10 -1 38 -1 38 -1 37 -1 37 -1 37 -1 37 -1 38 -1 38 -1 37 -1 #SUP: 34 #DPOWER: 0.999
37 -1 10 -1 38 -1 38 -1 37 -1 37 -1 37 -1 37 -1 37 -1 38 -1 37 -1 #SUP: 34 #DPOWER: 0.999
37 -1 38 -1 38 -1 37 -1 37 -1 10 -1 38 -1 37 -1 #SUP: 34 #DPOWER: 0.999
37 -1 38 -1 37 -1 38 -1 37 -1 10 -1 38 -1 37 -1 #SUP: 34 #DPOWER: 0.999
37 -1 38 -1 37 -1 37 -1 37 -1 37 -1 38 -1 10 -1 38 -1 37 -1 #SUP: 34 #DPOWER: 0.999
37 -1 38 -1 37 -1 37 -1 37 -1 37 -1 37 -1 10 -1 38 -1 37 -1 #SUP: 34 #DPOWER: 0.999
37 -1 10 -1 38 -1 37 -1 37 -1 10 -1 38 -1 37 -1 #SUP: 34 #DPOWER: 0.999
37 -1 10 -1 10 -1 38 -1 37 -1 38 -1 38 -1 #SUP: 34 #DPOWER: 0.999
37 -1 37 -1 37 -1 37 -1 37 -1 38 -1 37 -1 10 -1 38 -1 37 -1 #SUP: 34 #DPOWER: 0.999
37 -1 37 -1 37 -1 37 -1 10 -1 38 -1 37 -1 38 -1 38 -1 38 -1 #SUP: 34 #DPOWER: 0.999
37 -1 37 -1 37 -1 37 -1 37 -1 13 -1 37 -1 38 -1 37 -1 37 -1 37 -1 #SUP: 34 #DPOWER: 0.999
37 -1 13 -1 37 -1 37 -1 10 -1 38 -1 37 -1 38 -1 #SUP: 34 #DPOWER: 0.999
37 -1 13 -1 37 -1 37 -1 37 -1 38 -1 38 -1 37 -1 37 -1 37 -1 #SUP: 34 #DPOWER: 0.999
37 -1 13 -1 37 -1 37 -1 37 -1 38 -1 37 -1 38 -1 #SUP: 34 #DPOWER: 0.999
37 -1 13 -1 37 -1 37 -1 37 -1 37 -1 38 -1 37 -1 37 -1 37 -1 #SUP: 34 #DPOWER: 0.999
37 -1 13 -1 37 -1 13 -1 37 -1 38 -1 37 -1 37 -1 37 -1 #SUP: 34 #DPOWER: 0.999
37 -1 10 -1 38 -1 37 -1 38 -1 37 -1 37 -1 37 -1 37 -1 #SUP: 34 #DPOWER: 0.999
37 -1 38 -1 38 -1 38 -1 38 -1 37 -1 37 -1 37 -1 38 -1 38 -1 #SUP: 34 #DPOWER: 0.999
37 -1 38 -1 37 -1 38 -1 37 -1 37 -1 37 -1 38 -1 38 -1 37 -1 #SUP: 34 #DPOWER: 0.999
37 -1 38 -1 37 -1 38 -1 37 -1 37 -1 37 -1 37 -1 38 -1 37 -1 #SUP: 34 #DPOWER: 0.970
37 -1 38 -1 37 -1 38 -1 37 -1 37 -1 37 -1 37 -1 37 -1 37 -1 37 -1 37 -1 37 -1 #SUP: 34 #DPOWER: 0.999
37 -1 38 -1 37 -1 37 -1 37 -1 37 -1 37 -1 38 -1 38 -1 37 -1 #SUP: 34 #DPOWER: 0.970
37 -1 10 -1 38 -1 37 -1 37 -1 37 -1 37 -1 37 -1 37 -1 37 -1 37 -1 37 -1 37 -1 #SUP: 34 #DPOWER: 0.999
37 -1 37 -1 38 -1 38 -1 37 -1 38 -1 38 -1 37 -1 #SUP: 34 #DPOWER: 0.970
37 -1 37 -1 38 -1 37 -1 38 -1 37 -1 38 -1 37 -1 #SUP: 34 #DPOWER: 0.999
37 -1 37 -1 37 -1 37 -1 38 -1 38 -1 37 -1 37 -1 38 -1 37 -1 #SUP: 34 #DPOWER: 0.999
37 -1 37 -1 37 -1 37 -1 38 -1 38 -1 37 -1 37 -1 37 -1 37 -1 37 -1 37 -1 37 -1 37 -1 #SUP: 34 #DPOWER: 0.999
37 -1 37 -1 37 -1 37 -1 38 -1 37 -1 38 -1 37 -1 38 -1 #SUP: 34 #DPOWER: 0.999
37 -1 37 -1 37 -1 37 -1 38 -1 37 -1 37 -1 37 -1 37 -1 37 -1 37 -1 37 -1 37 -1 37 -1 37 -1 #SUP: 34 #DPOWER: 0.999
37 -1 37 -1 37 -1 37 -1 37 -1 38 -1 37 -1 37 -1 37 -1 37 -1 38 -1 37 -1 #SUP: 34 #DPOWER: 0.999
37 -1 37 -1 37 -1 37 -1 37 -1 38 -1 37 -1 37 -1 37 -1 37 -1 37 -1 37 -1 37 -1 37 -1 37 -1 #SUP: 34 #DPOWER: 0.999
37 -1 37 -1 37 -1 37 -1 37 -1 13 -1 37 -1 10 -1 38 -1 37 -1 #SUP: 35 #DPOWER: 0.999
37 -1 37 -1 37 -1 37 -1 13 -1 37 -1 38 -1 37 -1 37 -1 37 -1 #SUP: 35 #DPOWER: 0.999
37 -1 13 -1 38 -1 38 -1 37 -1 37 -1 37 -1 #SUP: 35 #DPOWER: 0.920
37 -1 13 -1 10 -1 38 -1 37 -1 38 -1 #SUP: 35 #DPOWER: 0.999
37 -1 13 -1 37 -1 37 -1 37 -1 37 -1 13 -1 37 -1 37 -1 37 -1 37 -1 #SUP: 35 #DPOWER: 0.971
37 -1 13 -1 37 -1 13 -1 37 -1 10 -1 38 -1 37 -1 #SUP: 35 #DPOWER: 0.999
37 -1 13 -1 13 -1 37 -1 38 -1 37 -1 37 -1 37 -1 #SUP: 35 #DPOWER: 0.999
37 -1 37 -1 37 -1 37 -1 37 -1 37 -1 13 -1 37 -1 37 -1 37 -1 38 -1 37 -1 #SUP: 34 #DPOWER: 0.999
37 -1 37 -1 37 -1 37 -1 37 -1 37 -1 13 -1 37 -1 37 -1 13 -1 37 -1 37 -1 37 -1 37 -1 #SUP: 34 #DPOWER: 0.918
37 -1 37 -1 37 -1 37 -1 37 -1 13 -1 37 -1 37 -1 10 -1 38 -1 37 -1 #SUP: 34 #DPOWER: 0.999
37 -1 37 -1 37 -1 37 -1 37 -1 13 -1 37 -1 13 -1 37 -1 10 -1 #SUP: 34 #DPOWER: 0.999
37 -1 37 -1 37 -1 37 -1 37 -1 13 -1 37 -1 13 -1 37 -1 37 -1 38 -1 38 -1 37 -1 #SUP: 34 #DPOWER: 0.999
37 -1 37 -1 37 -1 37 -1 37 -1 13 -1 37 -1 13 -1 37 -1 37 -1 37 -1 38 -1 #SUP: 34 #DPOWER: 0.999
37 -1 37 -1 37 -1 37 -1 37 -1 13 -1 37 -1 13 -1 37 -1 13 -1 37 -1 37 -1 37 -1 37 -1 #SUP: 34 #DPOWER: 0.943
37 -1 37 -1 37 -1 37 -1 13 -1 38 -1 38 -1 37 -1 37 -1 #SUP: 34 #DPOWER: 0.999
37 -1 37 -1 37 -1 37 -1 13 -1 10 -1 38 -1 37 -1 38 -1 #SUP: 34 #DPOWER: 0.999
37 -1 37 -1 37 -1 37 -1 13 -1 37 -1 37 -1 37 -1 37 -1 13 -1 37 -1 37 -1 37 -1 37 -1 #SUP: 34 #DPOWER: 0.999
37 -1 37 -1 37 -1 37 -1 13 -1 37 -1 37 -1 37 -1 13 -1 37 -1 37 -1 37 -1 37 -1 37 -1 #SUP: 34 #DPOWER: 0.999
37 -1 37 -1 37 -1 37 -1 13 -1 37 -1 13 -1 37 -1 10 -1 38 -1 37 -1 #SUP: 34 #DPOWER: 0.999
37 -1 37 -1 37 -1 37 -1 13 -1 37 -1 13 -1 37 -1 37 -1 37 -1 38 -1 37 -1 #SUP: 34 #DPOWER: 0.999
37 -1 37 -1 37 -1 37 -1 13 -1 37 -1 13 -1 37 -1 37 -1 13 -1 37 -1 37 -1 37 -1 37 -1 #SUP: 34 #DPOWER: 0.999
37 -1 37 -1 37 -1 37 -1 13 -1 37 -1 13 -1 37 -1 13 -1 37 -1 37 -1 37 -1 37 -1 37 -1 #SUP: 34 #DPOWER: 0.999
37 -1 37 -1 37 -1 37 -1 13 -1 13 -1 37 -1 38 -1 37 -1 38 -1 #SUP: 34 #DPOWER: 0.999
37 -1 37 -1 37 -1 37 -1 13 -1 13 -1 37 -1 38 -1 37 -1 37 -1 37 -1 #SUP: 34 #DPOWER: 0.999
37 -1 37 -1 37 -1 37 -1 13 -1 13 -1 37 -1 37 -1 37 -1 13 -1 37 -1 37 -1 37 -1 #SUP: 34 #DPOWER: 0.999
37 -1 37 -1 37 -1 37 -1 13 -1 13 -1 37 -1 37 -1 13 -1 37 -1 37 -1 37 -1 37 -1 37 -1 37 -1 #SUP: 34 #DPOWER: 0.999
37 -1 13 -1 38 -1 38 -1 37 -1 38 -1 38 -1 #SUP: 34 #DPOWER: 0.918
37 -1 13 -1 10 -1 38 -1 38 -1 38 -1 38 -1 #SUP: 34 #DPOWER: 0.999
37 -1 13 -1 10 -1 38 -1 37 -1 38 -1 38 -1 #SUP: 34 #DPOWER: 0.999
37 -1 13 -1 37 -1 38 -1 37 -1 38 -1 38 -1 #SUP: 34 #DPOWER: 0.918
37 -1 13 -1 13 -1 37 -1 37 -1 37 -1 13 -1 37 -1 37 -1 37 -1 37 -1 37 -1 #SUP: 34 #DPOWER: 0.999
38 -1 38 -1 13 -1 37 -1 38 -1 13 -1 37 -1 #SUP: 35 #DPOWER: 0.920
38 -1 38 -1 13 -1 37 -1 13 -1 37 -1 13 -1 37 -1 #SUP: 35 #DPOWER: 0.945
38 -1 37 -1 38 -1 13 -1 37 -1 13 -1 37 -1 #SUP: 35 #DPOWER: 0.920
38 -1 13 -1 37 -1 38 -1 37 -1 13 -1 37 -1 #SUP: 35 #DPOWER: 0.999
38 -1 13 -1 37 -1 38 -1 13 -1 37 -1 37 -1 #SUP: 35 #DPOWER: 0.999
37 -1 38 -1 38 -1 38 -1 38 -1 37 -1 38 -1 38 -1 38 -1 #SUP: 34 #DPOWER: 0.999
37 -1 38 -1 38 -1 37 -1 37 -1 38 -1 38 -1 38 -1 38 -1 #SUP: 34 #DPOWER: 0.999
37 -1 38 -1 38 -1 37 -1 37 -1 37 -1 38 -1 38 -1 38 -1 #SUP: 34 #DPOWER: 0.999
37 -1 38 -1 37 -1 37 -1 37 -1 38 -1 38 -1 38 -1 38 -1 #SUP: 34 #DPOWER: 0.999
37 -1 37 -1 37 -1 37 -1 37 -1 37 -1 37 -1 38 -1 38 -1 38 -1 38 -1 37 -1 37 -1 #SUP: 34 #DPOWER: 0.999
37 -1 37 -1 37 -1 37 -1 37 -1 37 -1 37 -1 38 -1 38 -1 38 -1 37 -1 38 -1 #SUP: 34 #DPOWER: 0.999
37 -1 37 -1 37 -1 37 -1 37 -1 37 -1 37 -1 38 -1 38 -1 38 -1 37 -1 37 -1 37 -1 #SUP: 34 #DPOWER: 0.999
37 -1 37 -1 37 -1 37 -1 37 -1 37 -1 37 -1 38 -1 38 -1 37 -1 38 -1 38 -1 #SUP: 34 #DPOWER: 0.999
37 -1 37 -1 37 -1 37 -1 37 -1 37 -1 37 -1 38 -1 38 -1 37 -1 37 -1 38 -1 #SUP: 34 #DPOWER: 0.999
37 -1 37 -1 37 -1 37 -1 37 -1 37 -1 37 -1 10 -1 38 -1 38 -1 38 -1 38 -1 #SUP: 34 #DPOWER: 0.999
37 -1 37 -1 37 -1 37 -1 37 -1 37 -1 37 -1 10 -1 38 -1 37 -1 38 -1 38 -1 #SUP: 34 #DPOWER: 0.999
37 -1 37 -1 37 -1 37 -1 37 -1 37 -1 37 -1 37 -1 38 -1 38 -1 37 -1 37 -1 #SUP: 34 #DPOWER: 0.999
37 -1 37 -1 37 -1 37 -1 37 -1 37 -1 37 -1 37 -1 38 -1 37 -1 38 -1 #SUP: 34 #DPOWER: 0.999
37 -1 37 -1 37 -1 37 -1 37 -1 37 -1 37 -1 37 -1 37 -1 38 -1 37 -1 37 -1 37 -1 #SUP: 34 #DPOWER: 0.999
38 -1 13 -1 37 -1 38 -1 13 -1 37 -1 13 -1 37 -1 #SUP: 34 #DPOWER: 0.999
37 -1 37 -1 37 -1 37 -1 13 -1 10 -1 38 -1 37 -1 37 -1 37 -1 #SUP: 34 #DPOWER: 0.999
37 -1 13 -1 10 -1 38 -1 38 -1 37 -1 37 -1 37 -1 #SUP: 34 #DPOWER: 0.999
37 -1 13 -1 37 -1 37 -1 37 -1 37 -1 13 -1 37 -1 10 -1 38 -1 37 -1 #SUP: 34 #DPOWER: 0.999
37 -1 37 -1 37 -1 37 -1 38 -1 38 -1 38 -1 38 -1 37 -1 #SUP: 35 #DPOWER: 0.971
37 -1 37 -1 37 -1 37 -1 38 -1 38 -1 37 -1 38 -1 38 -1 #SUP: 35 #DPOWER: 0.971
37 -1 37 -1 37 -1 37 -1 38 -1 38 -1 37 -1 37 -1 38 -1 #SUP: 35 #DPOWER: 0.971
37 -1 37 -1 37 -1 37 -1 10 -1 38 -1 38 -1 38 -1 38 -1 #SUP: 35 #DPOWER: 0.999
37 -1 37 -1 37 -1 37 -1 10 -1 38 -1 37 -1 38 -1 38 -1 #SUP: 35 #DPOWER: 0.999
37 -1 37 -1 37 -1 37 -1 37 -1 38 -1 38 -1 38 -1 37 -1 #SUP: 35 #DPOWER: 0.999
37 -1 37 -1 37 -1 37 -1 37 -1 38 -1 37 -1 37 -1 37 -1 38 -1 38 -1 #SUP: 35 #DPOWER: 0.999
37 -1 37 -1 37 -1 37 -1 37 -1 37 -1 37 -1 10 -1 38 -1 37 -1 #SUP: 35 #DPOWER: 0.999
37 -1 37 -1 37 -1 37 -1 37 -1 37 -1 37 -1 37 -1 38 -1 38 -1 37 -1 #SUP: 35 #DPOWER: 0.999
37 -1 37 -1 37 -1 37 -1 37 -1 37 -1 37 -1 37 -1 37 -1 38 -1 37 -1 #SUP: 35 #DPOWER: 0.945
37 -1 37 -1 37 -1 37 -1 38 -1 38 -1 37 -1 37 -1 37 -1 38 -1 38 -1 #SUP: 34 #DPOWER: 0.999
37 -1 37 -1 37 -1 37 -1 10 -1 38 -1 38 -1 37 -1 37 -1 37 -1 #SUP: 35 #DPOWER: 0.999
37 -1 37 -1 37 -1 37 -1 37 -1 37 -1 37 -1 37 -1 37 -1 38 -1 38 -1 37 -1 #SUP: 34 #DPOWER: 0.999
37 -1 37 -1 37 -1 37 -1 37 -1 37 -1 37 -1 37 -1 37 -1 10 -1 38 -1 37 -1 #SUP: 34 #DPOWER: 0.999
37 -1 37 -1 37 -1 37 -1 37 -1 37 -1 37 -1 37 -1 37 -1 37 -1 37 -1 37 -1 38 -1 38 -1 #SUP: 34 #DPOWER: 0.999
37 -1 37 -1 37 -1 37 -1 10 -1 38 -1 38 -1 38 -1 38 -1 37 -1 #SUP: 34 #DPOWER: 0.999
37 -1 37 -1 37 -1 37 -1 10 -1 38 -1 38 -1 37 -1 38 -1 38 -1 #SUP: 34 #DPOWER: 0.999
37 -1 37 -1 37 -1 37 -1 10 -1 38 -1 38 -1 37 -1 37 -1 38 -1 #SUP: 34 #DPOWER: 0.999
37 -1 37 -1 37 -1 37 -1 10 -1 38 -1 37 -1 37 -1 37 -1 38 -1 38 -1 #SUP: 34 #DPOWER: 0.999
37 -1 37 -1 37 -1 37 -1 10 -1 38 -1 37 -1 38 -1 37 -1 37 -1 37 -1 #SUP: 34 #DPOWER: 0.999
37 -1 37 -1 37 -1 37 -1 37 -1 10 -1 38 -1 38 -1 37 -1 37 -1 37 -1 #SUP: 34 #DPOWER: 0.999
37 -1 37 -1 37 -1 37 -1 37 -1 37 -1 10 -1 38 -1 37 -1 37 -1 37 -1 #SUP: 34 #DPOWER: 0.999
38 -1 38 -1 38 -1 38 -1 37 -1 38 -1 37 -1 37 -1 #SUP: 35 #DPOWER: 0.999
38 -1 38 -1 38 -1 38 -1 38 -1 38 -1 13 -1 37 -1 37 -1 #SUP: 34 #DPOWER: 0.999
38 -1 38 -1 38 -1 38 -1 38 -1 37 -1 38 -1 13 -1 37 -1 #SUP: 34 #DPOWER: 0.918
38 -1 38 -1 38 -1 38 -1 38 -1 37 -1 13 -1 37 -1 37 -1 #SUP: 34 #DPOWER: 0.999
38 -1 38 -1 38 -1 38 -1 38 -1 13 -1 37 -1 37 -1 37 -1 #SUP: 34 #DPOWER: 0.999
38 -1 38 -1 38 -1 38 -1 37 -1 38 -1 37 -1 13 -1 37 -1 #SUP: 34 #DPOWER: 0.999
38 -1 38 -1 38 -1 38 -1 37 -1 38 -1 13 -1 37 -1 37 -1 #SUP: 34 #DPOWER: 0.999
38 -1 38 -1 13 -1 37 -1 38 -1 37 -1 13 -1 37 -1 #SUP: 34 #DPOWER: 0.999
38 -1 38 -1 13 -1 37 -1 38 -1 13 -1 37 -1 37 -1 #SUP: 34 #DPOWER: 0.999
38 -1 38 -1 38 -1 38 -1 38 -1 37 -1 38 -1 37 -1 37 -1 #SUP: 34 #DPOWER: 0.999
