30 -1 47 -1 #SUP: 116 #DPOWER: 0.959
30 -1 47 -1 47 -1 #SUP: 108 #DPOWER: 0.997
30 -1 47 -1 42 -1 30 -1 #SUP: 91 #DPOWER: 0.992
30 -1 47 -1 30 -1 #SUP: 112 #DPOWER: 0.981
30 -1 47 -1 30 -1 47 -1 #SUP: 106 #DPOWER: 0.997
30 -1 42 -1 30 -1 #SUP: 94 #DPOWER: 0.962
30 -1 42 -1 30 -1 47 -1 #SUP: 91 #DPOWER: 0.992
30 -1 30 -1 #SUP: 114 #DPOWER: 0.919
30 -1 30 -1 47 -1 #SUP: 110 #DPOWER: 0.980
42 -1 30 -1 #SUP: 95 #DPOWER: 0.916
42 -1 30 -1 47 -1 #SUP: 92 #DPOWER: 0.981
47 -1 47 -1 #SUP: 112 #DPOWER: 0.956
47 -1 42 -1 30 -1 #SUP: 93 #DPOWER: 0.914
47 -1 30 -1 47 -1 #SUP: 110 #DPOWER: 0.955
