15 -1 50 -1 50 -1 50 -1 50 -1 #SUP: 9 #DPOWER: 0.999
50 -1 15 -1 #SUP: 9 #DPOWER: 0.999
50 -1 35 -1 50 -1 35 -1 50 -1 50 -1 50 -1 50 -1 50 -1 50 -1 50 -1 50 -1 #SUP: 9 #DPOWER: 0.999
50 -1 50 -1 35 -1 50 -1 50 -1 35 -1 50 -1 50 -1 50 -1 50 -1 50 -1 50 -1 #SUP: 9 #DPOWER: 0.999
17 -1 50 -1 #SUP: 9 #DPOWER: 0.999
50 -1 17 -1 #SUP: 9 #DPOWER: 0.999
35 -1 50 -1 35 -1 50 -1 50 -1 50 -1 #SUP: 11 #DPOWER: 0.999
35 -1 50 -1 50 -1 35 -1 50 -1 50 -1 #SUP: 11 #DPOWER: 0.999
50 -1 35 -1 50 -1 35 -1 50 -1 50 -1 #SUP: 11 #DPOWER: 0.999
50 -1 50 -1 50 -1 50 -1 63 -1 63 -1 35 -1 50 -1 #SUP: 9 #DPOWER: 0.999
50 -1 50 -1 50 -1 50 -1 35 -1 50 -1 50 -1 50 -1 50 -1 63 -1 63 -1 50 -1 #SUP: 9 #DPOWER: 0.999
50 -1 50 -1 50 -1 50 -1 50 -1 50 -1 50 -1 50 -1 50 -1 63 -1 63 -1 50 -1 #SUP: 9 #DPOWER: 0.999
35 -1 50 -1 35 -1 50 -1 35 -1 50 -1 50 -1 #SUP: 9 #DPOWER: 0.999
50 -1 35 -1 50 -1 50 -1 50 -1 50 -1 50 -1 50 -1 50 -1 50 -1 50 -1 #SUP: 10 #DPOWER: 0.999
50 -1 50 -1 35 -1 50 -1 50 -1 35 -1 50 -1 50 -1 50 -1 50 -1 50 -1 #SUP: 10 #DPOWER: 0.999
50 -1 50 -1 35 -1 50 -1 50 -1 50 -1 50 -1 50 -1 50 -1 50 -1 50 -1 #SUP: 10 #DPOWER: 0.999
50 -1 50 -1 50 -1 35 -1 50 -1 35 -1 50 -1 50 -1 50 -1 50 -1 #SUP: 10 #DPOWER: 0.999
50 -1 50 -1 50 -1 50 -1 35 -1 50 -1 50 -1 50 -1 50 -1 50 -1 50 -1 #SUP: 10 #DPOWER: 0.999
50 -1 35 -1 50 -1 50 -1 50 -1 35 -1 50 -1 50 -1 50 -1 50 -1 50 -1 #SUP: 9 #DPOWER: 0.999
50 -1 35 -1 50 -1 50 -1 50 -1 50 -1 50 -1 35 -1 50 -1 50 -1 50 -1 50 -1 #SUP: 9 #DPOWER: 0.999
50 -1 35 -1 50 -1 50 -1 50 -1 50 -1 50 -1 50 -1 35 -1 50 -1 50 -1 50 -1 #SUP: 9 #DPOWER: 0.999
50 -1 50 -1 35 -1 50 -1 50 -1 50 -1 50 -1 35 -1 50 -1 50 -1 50 -1 50 -1 #SUP: 9 #DPOWER: 0.999
50 -1 50 -1 35 -1 50 -1 50 -1 50 -1 50 -1 50 -1 35 -1 50 -1 50 -1 50 -1 #SUP: 9 #DPOWER: 0.999
50 -1 50 -1 35 -1 50 -1 50 -1 50 -1 50 -1 50 -1 50 -1 35 -1 50 -1 50 -1 #SUP: 9 #DPOWER: 0.999
50 -1 50 -1 50 -1 35 -1 50 -1 50 -1 50 -1 50 -1 50 -1 35 -1 50 -1 #SUP: 9 #DPOWER: 0.999
50 -1 50 -1 50 -1 50 -1 35 -1 50 -1 50 -1 35 -1 50 -1 50 -1 50 -1 50 -1 #SUP: 9 #DPOWER: 0.999
50 -1 50 -1 50 -1 50 -1 35 -1 50 -1 50 -1 50 -1 35 -1 50 -1 50 -1 50 -1 #SUP: 9 #DPOWER: 0.999
50 -1 50 -1 50 -1 50 -1 35 -1 50 -1 50 -1 50 -1 50 -1 35 -1 50 -1 50 -1 #SUP: 9 #DPOWER: 0.999
50 -1 50 -1 50 -1 50 -1 50 -1 35 -1 50 -1 50 -1 50 -1 35 -1 50 -1 #SUP: 9 #DPOWER: 0.999
50 -1 50 -1 50 -1 50 -1 50 -1 50 -1 35 -1 50 -1 35 -1 50 -1 50 -1 50 -1 #SUP: 9 #DPOWER: 0.999
50 -1 50 -1 50 -1 50 -1 50 -1 50 -1 35 -1 50 -1 50 -1 35 -1 50 -1 50 -1 #SUP: 9 #DPOWER: 0.999
50 -1 50 -1 50 -1 50 -1 50 -1 50 -1 50 -1 35 -1 50 -1 35 -1 50 -1 50 -1 #SUP: 9 #DPOWER: 0.999
50 -1 50 -1 50 -1 50 -1 50 -1 50 -1 50 -1 35 -1 50 -1 50 -1 35 -1 50 -1 #SUP: 9 #DPOWER: 0.999
50 -1 50 -1 50 -1 35 -1 50 -1 35 -1 50 -1 50 -1 50 -1 50 -1 50 -1 #SUP: 9 #DPOWER: 0.999
50 -1 50 -1 50 -1 50 -1 35 -1 50 -1 50 -1 50 -1 50 -1 50 -1 50 -1 50 -1 50 -1 50 -1 50 -1 50 -1 #SUP: 9 #DPOWER: 0.999
50 -1 36 -1 50 -1 50 -1 50 -1 50 -1 #SUP: 9 #DPOWER: 0.999
50 -1 50 -1 50 -1 50 -1 #SUP: 13 #DPOWER: 1.000
50 -1 50 -1 50 -1 50 -1 50 -1 50 -1 50 -1 50 -1 50 -1 50 -1 #SUP: 11 #DPOWER: 0.999
50 -1 50 -1 50 -1 50 -1 50 -1 50 -1 50 -1 50 -1 50 -1 50 -1 50 -1 50 -1 50 -1 50 -1 50 -1 50 -1 50 -1 #SUP: 10 #DPOWER: 0.999
50 -1 50 -1 50 -1 50 -1 50 -1 50 -1 50 -1 50 -1 50 -1 50 -1 50 -1 50 -1 50 -1 50 -1 50 -1 50 -1 50 -1 50 -1 #SUP: 9 #DPOWER: 0.999
