23 -1 #SUP: 413 #DPOWER: 0.951
23 -1 24 -1 #SUP: 406 #DPOWER: 0.978
23 -1 24 -1 24 -1 #SUP: 400 #DPOWER: 0.981
23 -1 24 -1 26 -1 #SUP: 399 #DPOWER: 0.980
23 -1 26 -1 #SUP: 404 #DPOWER: 0.982
23 -1 23 -1 #SUP: 409 #DPOWER: 0.967
24 -1 #SUP: 440 #DPOWER: 0.936
24 -1 24 -1 #SUP: 439 #DPOWER: 0.956
24 -1 24 -1 24 -1 #SUP: 428 #DPOWER: 0.975
24 -1 24 -1 24 -1 24 -1 #SUP: 427 #DPOWER: 0.979
24 -1 24 -1 24 -1 24 -1 24 -1 #SUP: 415 #DPOWER: 0.979
24 -1 24 -1 24 -1 24 -1 24 -1 24 -1 #SUP: 411 #DPOWER: 0.982
24 -1 24 -1 24 -1 24 -1 24 -1 26 -1 #SUP: 405 #DPOWER: 0.982
24 -1 24 -1 24 -1 24 -1 26 -1 #SUP: 417 #DPOWER: 0.987
24 -1 24 -1 24 -1 24 -1 26 -1 24 -1 #SUP: 405 #DPOWER: 0.982
24 -1 24 -1 24 -1 24 -1 26 -1 24 -1 24 -1 #SUP: 401 #DPOWER: 0.981
24 -1 24 -1 24 -1 24 -1 26 -1 24 -1 26 -1 #SUP: 399 #DPOWER: 0.980
24 -1 24 -1 24 -1 24 -1 26 -1 26 -1 #SUP: 408 #DPOWER: 0.984
24 -1 24 -1 24 -1 24 -1 26 -1 26 -1 24 -1 #SUP: 399 #DPOWER: 0.980
24 -1 24 -1 24 -1 24 -1 26 -1 26 -1 26 -1 #SUP: 405 #DPOWER: 0.982
26 -1 24 -1 24 -1 24 -1 26 -1 #SUP: 423 #DPOWER: 0.989
24 -1 24 -1 24 -1 26 -1 24 -1 #SUP: 414 #DPOWER: 0.986
26 -1 24 -1 24 -1 24 -1 26 -1 24 -1 24 -1 #SUP: 405 #DPOWER: 0.982
24 -1 24 -1 24 -1 26 -1 24 -1 26 -1 #SUP: 405 #DPOWER: 0.982
24 -1 24 -1 24 -1 26 -1 26 -1 #SUP: 414 #DPOWER: 0.986
26 -1 24 -1 24 -1 24 -1 26 -1 26 -1 24 -1 #SUP: 404 #DPOWER: 0.982
26 -1 24 -1 24 -1 24 -1 26 -1 26 -1 26 -1 #SUP: 410 #DPOWER: 0.984
26 -1 24 -1 24 -1 24 -1 26 -1 26 -1 26 -1 26 -1 #SUP: 400 #DPOWER: 0.981
26 -1 24 -1 26 -1 26 -1 26 -1 24 -1 26 -1 24 -1 #SUP: 399 #DPOWER: 0.980
26 -1 24 -1 24 -1 26 -1 #SUP: 429 #DPOWER: 0.984
24 -1 24 -1 26 -1 24 -1 #SUP: 422 #DPOWER: 0.989
24 -1 24 -1 26 -1 24 -1 24 -1 #SUP: 420 #DPOWER: 0.988
24 -1 24 -1 26 -1 24 -1 24 -1 24 -1 #SUP: 403 #DPOWER: 0.982
24 -1 24 -1 26 -1 24 -1 24 -1 24 -1 24 -1 #SUP: 401 #DPOWER: 0.981
24 -1 24 -1 26 -1 26 -1 24 -1 24 -1 24 -1 #SUP: 401 #DPOWER: 0.981
24 -1 24 -1 26 -1 24 -1 24 -1 24 -1 26 -1 #SUP: 400 #DPOWER: 0.981
24 -1 24 -1 26 -1 24 -1 24 -1 26 -1 #SUP: 414 #DPOWER: 0.986
24 -1 24 -1 26 -1 24 -1 24 -1 26 -1 24 -1 #SUP: 399 #DPOWER: 0.980
24 -1 24 -1 26 -1 24 -1 24 -1 26 -1 26 -1 #SUP: 404 #DPOWER: 0.982
26 -1 24 -1 24 -1 24 -1 26 -1 24 -1 26 -1 #SUP: 404 #DPOWER: 0.982
24 -1 24 -1 26 -1 24 -1 24 -1 26 -1 26 -1 26 -1 #SUP: 399 #DPOWER: 0.980
24 -1 24 -1 26 -1 24 -1 26 -1 #SUP: 415 #DPOWER: 0.986
24 -1 24 -1 26 -1 24 -1 26 -1 24 -1 #SUP: 404 #DPOWER: 0.982
24 -1 24 -1 26 -1 24 -1 26 -1 24 -1 26 -1 #SUP: 401 #DPOWER: 0.981
24 -1 24 -1 26 -1 24 -1 26 -1 26 -1 #SUP: 407 #DPOWER: 0.983
24 -1 24 -1 26 -1 24 -1 26 -1 26 -1 26 -1 #SUP: 402 #DPOWER: 0.981
24 -1 24 -1 26 -1 26 -1 #SUP: 423 #DPOWER: 0.982
24 -1 24 -1 26 -1 26 -1 24 -1 #SUP: 417 #DPOWER: 0.987
24 -1 24 -1 26 -1 26 -1 24 -1 24 -1 #SUP: 415 #DPOWER: 0.986
24 -1 24 -1 26 -1 26 -1 24 -1 24 -1 26 -1 #SUP: 409 #DPOWER: 0.984
24 -1 24 -1 26 -1 26 -1 24 -1 26 -1 #SUP: 412 #DPOWER: 0.985
24 -1 24 -1 26 -1 26 -1 24 -1 26 -1 24 -1 #SUP: 401 #DPOWER: 0.981
24 -1 24 -1 26 -1 26 -1 24 -1 26 -1 26 -1 #SUP: 404 #DPOWER: 0.982
24 -1 24 -1 26 -1 26 -1 26 -1 #SUP: 422 #DPOWER: 0.986
24 -1 24 -1 26 -1 26 -1 26 -1 24 -1 #SUP: 410 #DPOWER: 0.984
24 -1 24 -1 26 -1 26 -1 26 -1 24 -1 24 -1 #SUP: 407 #DPOWER: 0.983
24 -1 24 -1 26 -1 26 -1 26 -1 24 -1 24 -1 26 -1 #SUP: 399 #DPOWER: 0.980
24 -1 24 -1 26 -1 26 -1 26 -1 24 -1 26 -1 #SUP: 402 #DPOWER: 0.981
24 -1 24 -1 26 -1 26 -1 26 -1 26 -1 #SUP: 416 #DPOWER: 0.986
26 -1 24 -1 26 -1 26 -1 26 -1 26 -1 #SUP: 416 #DPOWER: 0.986
24 -1 24 -1 26 -1 26 -1 26 -1 26 -1 24 -1 #SUP: 407 #DPOWER: 0.983
24 -1 24 -1 26 -1 26 -1 26 -1 26 -1 24 -1 24 -1 #SUP: 400 #DPOWER: 0.981
24 -1 24 -1 26 -1 26 -1 26 -1 26 -1 24 -1 26 -1 #SUP: 401 #DPOWER: 0.981
24 -1 24 -1 26 -1 26 -1 26 -1 26 -1 26 -1 #SUP: 409 #DPOWER: 0.984
24 -1 24 -1 26 -1 26 -1 26 -1 26 -1 26 -1 26 -1 #SUP: 402 #DPOWER: 0.981
26 -1 24 -1 26 -1 #SUP: 431 #DPOWER: 0.972
26 -1 24 -1 26 -1 24 -1 #SUP: 428 #DPOWER: 0.984
26 -1 24 -1 26 -1 24 -1 24 -1 #SUP: 423 #DPOWER: 0.987
24 -1 26 -1 24 -1 24 -1 24 -1 #SUP: 412 #DPOWER: 0.985
24 -1 26 -1 24 -1 24 -1 24 -1 24 -1 #SUP: 405 #DPOWER: 0.982
24 -1 26 -1 24 -1 24 -1 24 -1 24 -1 26 -1 #SUP: 400 #DPOWER: 0.981
24 -1 26 -1 24 -1 24 -1 24 -1 26 -1 #SUP: 409 #DPOWER: 0.984
24 -1 26 -1 24 -1 24 -1 24 -1 26 -1 24 -1 #SUP: 399 #DPOWER: 0.980
24 -1 26 -1 24 -1 24 -1 24 -1 26 -1 26 -1 #SUP: 399 #DPOWER: 0.980
24 -1 26 -1 24 -1 24 -1 26 -1 #SUP: 418 #DPOWER: 0.987
24 -1 26 -1 24 -1 24 -1 26 -1 24 -1 #SUP: 405 #DPOWER: 0.982
24 -1 26 -1 24 -1 24 -1 26 -1 24 -1 24 -1 #SUP: 399 #DPOWER: 0.980
24 -1 26 -1 24 -1 24 -1 26 -1 24 -1 26 -1 #SUP: 401 #DPOWER: 0.981
24 -1 26 -1 24 -1 24 -1 26 -1 26 -1 #SUP: 409 #DPOWER: 0.984
24 -1 26 -1 24 -1 24 -1 26 -1 26 -1 24 -1 #SUP: 399 #DPOWER: 0.980
24 -1 26 -1 24 -1 24 -1 26 -1 26 -1 26 -1 #SUP: 403 #DPOWER: 0.982
24 -1 26 -1 24 -1 26 -1 #SUP: 422 #DPOWER: 0.984
24 -1 26 -1 24 -1 26 -1 24 -1 #SUP: 410 #DPOWER: 0.984
24 -1 26 -1 24 -1 26 -1 24 -1 24 -1 #SUP: 406 #DPOWER: 0.983
24 -1 26 -1 24 -1 26 -1 24 -1 24 -1 26 -1 #SUP: 402 #DPOWER: 0.981
24 -1 26 -1 24 -1 26 -1 24 -1 26 -1 #SUP: 405 #DPOWER: 0.982
24 -1 26 -1 24 -1 26 -1 24 -1 26 -1 24 -1 #SUP: 400 #DPOWER: 0.981
26 -1 26 -1 24 -1 24 -1 26 -1 24 -1 26 -1 24 -1 #SUP: 399 #DPOWER: 0.980
24 -1 26 -1 24 -1 26 -1 24 -1 26 -1 26 -1 #SUP: 401 #DPOWER: 0.981
24 -1 26 -1 24 -1 26 -1 26 -1 #SUP: 412 #DPOWER: 0.985
24 -1 26 -1 24 -1 26 -1 26 -1 24 -1 #SUP: 404 #DPOWER: 0.982
24 -1 26 -1 24 -1 26 -1 26 -1 24 -1 24 -1 #SUP: 400 #DPOWER: 0.981
24 -1 26 -1 24 -1 26 -1 26 -1 24 -1 26 -1 #SUP: 401 #DPOWER: 0.981
24 -1 26 -1 24 -1 26 -1 26 -1 26 -1 #SUP: 409 #DPOWER: 0.984
24 -1 26 -1 24 -1 26 -1 26 -1 26 -1 24 -1 #SUP: 399 #DPOWER: 0.980
24 -1 26 -1 24 -1 26 -1 26 -1 26 -1 26 -1 #SUP: 404 #DPOWER: 0.982
24 -1 26 -1 24 -1 26 -1 26 -1 26 -1 26 -1 26 -1 #SUP: 399 #DPOWER: 0.980
26 -1 24 -1 26 -1 26 -1 #SUP: 429 #DPOWER: 0.980
26 -1 24 -1 26 -1 26 -1 24 -1 #SUP: 425 #DPOWER: 0.990
24 -1 26 -1 26 -1 24 -1 24 -1 #SUP: 421 #DPOWER: 0.988
24 -1 26 -1 26 -1 24 -1 24 -1 24 -1 #SUP: 405 #DPOWER: 0.982
24 -1 26 -1 26 -1 24 -1 24 -1 24 -1 24 -1 #SUP: 403 #DPOWER: 0.982
24 -1 26 -1 26 -1 24 -1 24 -1 24 -1 26 -1 #SUP: 400 #DPOWER: 0.981
24 -1 26 -1 26 -1 24 -1 24 -1 26 -1 #SUP: 415 #DPOWER: 0.986
24 -1 26 -1 26 -1 24 -1 24 -1 26 -1 24 -1 #SUP: 400 #DPOWER: 0.981
24 -1 26 -1 26 -1 24 -1 24 -1 26 -1 26 -1 #SUP: 402 #DPOWER: 0.981
26 -1 24 -1 26 -1 26 -1 24 -1 26 -1 #SUP: 419 #DPOWER: 0.988
24 -1 26 -1 26 -1 24 -1 26 -1 24 -1 #SUP: 406 #DPOWER: 0.983
24 -1 26 -1 26 -1 24 -1 26 -1 24 -1 26 -1 #SUP: 401 #DPOWER: 0.981
24 -1 26 -1 26 -1 24 -1 26 -1 26 -1 #SUP: 407 #DPOWER: 0.983
24 -1 26 -1 26 -1 24 -1 26 -1 26 -1 26 -1 #SUP: 403 #DPOWER: 0.982
26 -1 24 -1 26 -1 26 -1 26 -1 #SUP: 427 #DPOWER: 0.988
24 -1 26 -1 26 -1 26 -1 24 -1 #SUP: 415 #DPOWER: 0.986
24 -1 26 -1 26 -1 26 -1 24 -1 24 -1 #SUP: 412 #DPOWER: 0.985
24 -1 26 -1 26 -1 26 -1 24 -1 24 -1 24 -1 #SUP: 399 #DPOWER: 0.980
24 -1 26 -1 26 -1 26 -1 24 -1 24 -1 26 -1 #SUP: 404 #DPOWER: 0.982
24 -1 26 -1 26 -1 26 -1 24 -1 26 -1 #SUP: 407 #DPOWER: 0.983
24 -1 26 -1 26 -1 26 -1 24 -1 26 -1 24 -1 #SUP: 400 #DPOWER: 0.981
24 -1 26 -1 26 -1 26 -1 24 -1 26 -1 26 -1 #SUP: 400 #DPOWER: 0.981
24 -1 26 -1 26 -1 26 -1 26 -1 #SUP: 417 #DPOWER: 0.984
24 -1 26 -1 26 -1 26 -1 26 -1 24 -1 #SUP: 409 #DPOWER: 0.984
24 -1 26 -1 26 -1 26 -1 26 -1 24 -1 24 -1 #SUP: 404 #DPOWER: 0.982
24 -1 26 -1 26 -1 26 -1 26 -1 24 -1 26 -1 #SUP: 403 #DPOWER: 0.982
24 -1 26 -1 26 -1 26 -1 26 -1 26 -1 #SUP: 413 #DPOWER: 0.985
24 -1 26 -1 26 -1 26 -1 26 -1 26 -1 24 -1 #SUP: 401 #DPOWER: 0.981
24 -1 26 -1 26 -1 26 -1 26 -1 26 -1 26 -1 #SUP: 405 #DPOWER: 0.982
24 -1 26 -1 26 -1 26 -1 26 -1 26 -1 26 -1 26 -1 #SUP: 401 #DPOWER: 0.981
24 -1 23 -1 #SUP: 403 #DPOWER: 0.977
26 -1 26 -1 26 -1 #SUP: 445 #DPOWER: 0.969
26 -1 24 -1 #SUP: 435 #DPOWER: 0.973
26 -1 24 -1 24 -1 #SUP: 434 #DPOWER: 0.982
26 -1 24 -1 24 -1 24 -1 #SUP: 424 #DPOWER: 0.987
26 -1 24 -1 24 -1 24 -1 24 -1 #SUP: 421 #DPOWER: 0.988
26 -1 24 -1 24 -1 24 -1 24 -1 24 -1 #SUP: 410 #DPOWER: 0.984
26 -1 24 -1 24 -1 24 -1 24 -1 24 -1 24 -1 #SUP: 404 #DPOWER: 0.982
26 -1 24 -1 24 -1 24 -1 24 -1 24 -1 26 -1 #SUP: 403 #DPOWER: 0.982
26 -1 24 -1 24 -1 24 -1 24 -1 26 -1 #SUP: 414 #DPOWER: 0.986
26 -1 24 -1 24 -1 24 -1 24 -1 26 -1 24 -1 #SUP: 402 #DPOWER: 0.981
26 -1 24 -1 24 -1 24 -1 24 -1 26 -1 26 -1 #SUP: 406 #DPOWER: 0.983
26 -1 24 -1 24 -1 24 -1 24 -1 26 -1 26 -1 26 -1 #SUP: 403 #DPOWER: 0.982
26 -1 24 -1 24 -1 24 -1 26 -1 24 -1 #SUP: 413 #DPOWER: 0.985
26 -1 24 -1 24 -1 24 -1 26 -1 26 -1 #SUP: 413 #DPOWER: 0.985
26 -1 24 -1 24 -1 26 -1 24 -1 #SUP: 421 #DPOWER: 0.988
26 -1 24 -1 24 -1 26 -1 24 -1 24 -1 #SUP: 417 #DPOWER: 0.987
26 -1 24 -1 24 -1 26 -1 24 -1 24 -1 24 -1 #SUP: 401 #DPOWER: 0.981
26 -1 24 -1 24 -1 26 -1 24 -1 24 -1 26 -1 #SUP: 411 #DPOWER: 0.985
26 -1 24 -1 24 -1 26 -1 24 -1 24 -1 26 -1 26 -1 #SUP: 402 #DPOWER: 0.981
26 -1 24 -1 24 -1 26 -1 24 -1 26 -1 #SUP: 414 #DPOWER: 0.986
26 -1 24 -1 24 -1 26 -1 24 -1 26 -1 24 -1 #SUP: 402 #DPOWER: 0.981
26 -1 24 -1 24 -1 26 -1 24 -1 26 -1 24 -1 26 -1 #SUP: 399 #DPOWER: 0.980
26 -1 24 -1 24 -1 26 -1 24 -1 26 -1 26 -1 #SUP: 405 #DPOWER: 0.982
26 -1 24 -1 24 -1 26 -1 24 -1 26 -1 26 -1 26 -1 #SUP: 400 #DPOWER: 0.981
26 -1 24 -1 24 -1 26 -1 26 -1 #SUP: 422 #DPOWER: 0.986
26 -1 24 -1 24 -1 26 -1 26 -1 24 -1 #SUP: 414 #DPOWER: 0.986
26 -1 24 -1 24 -1 26 -1 26 -1 24 -1 24 -1 #SUP: 411 #DPOWER: 0.985
26 -1 24 -1 24 -1 26 -1 26 -1 24 -1 24 -1 26 -1 #SUP: 404 #DPOWER: 0.982
26 -1 24 -1 24 -1 26 -1 26 -1 24 -1 26 -1 #SUP: 409 #DPOWER: 0.984
26 -1 24 -1 24 -1 26 -1 26 -1 24 -1 26 -1 26 -1 #SUP: 400 #DPOWER: 0.981
26 -1 24 -1 24 -1 26 -1 26 -1 26 -1 #SUP: 419 #DPOWER: 0.988
26 -1 24 -1 24 -1 26 -1 26 -1 26 -1 24 -1 #SUP: 406 #DPOWER: 0.983
26 -1 24 -1 24 -1 26 -1 26 -1 26 -1 24 -1 24 -1 #SUP: 403 #DPOWER: 0.982
26 -1 24 -1 24 -1 26 -1 26 -1 26 -1 26 -1 #SUP: 412 #DPOWER: 0.985
26 -1 24 -1 24 -1 26 -1 26 -1 26 -1 26 -1 24 -1 #SUP: 403 #DPOWER: 0.982
26 -1 24 -1 24 -1 26 -1 26 -1 26 -1 26 -1 26 -1 #SUP: 404 #DPOWER: 0.982
26 -1 24 -1 24 -1 26 -1 26 -1 26 -1 26 -1 26 -1 26 -1 #SUP: 399 #DPOWER: 0.980
26 -1 24 -1 26 -1 24 -1 24 -1 24 -1 #SUP: 410 #DPOWER: 0.984
26 -1 24 -1 26 -1 24 -1 24 -1 24 -1 24 -1 #SUP: 404 #DPOWER: 0.982
26 -1 24 -1 26 -1 24 -1 24 -1 24 -1 26 -1 #SUP: 406 #DPOWER: 0.983
26 -1 24 -1 26 -1 24 -1 24 -1 26 -1 #SUP: 417 #DPOWER: 0.987
26 -1 24 -1 26 -1 24 -1 24 -1 26 -1 24 -1 #SUP: 403 #DPOWER: 0.982
26 -1 24 -1 26 -1 24 -1 24 -1 26 -1 24 -1 26 -1 #SUP: 400 #DPOWER: 0.981
26 -1 24 -1 26 -1 24 -1 24 -1 26 -1 26 -1 #SUP: 407 #DPOWER: 0.983
26 -1 24 -1 26 -1 24 -1 24 -1 26 -1 26 -1 26 -1 #SUP: 402 #DPOWER: 0.981
26 -1 24 -1 26 -1 24 -1 26 -1 #SUP: 421 #DPOWER: 0.986
26 -1 24 -1 26 -1 24 -1 26 -1 24 -1 #SUP: 408 #DPOWER: 0.984
26 -1 24 -1 26 -1 24 -1 26 -1 24 -1 24 -1 #SUP: 402 #DPOWER: 0.981
26 -1 24 -1 26 -1 24 -1 26 -1 24 -1 24 -1 26 -1 #SUP: 399 #DPOWER: 0.980
26 -1 24 -1 26 -1 24 -1 26 -1 24 -1 26 -1 #SUP: 404 #DPOWER: 0.982
26 -1 24 -1 26 -1 24 -1 26 -1 24 -1 26 -1 26 -1 #SUP: 399 #DPOWER: 0.980
26 -1 24 -1 26 -1 24 -1 26 -1 26 -1 #SUP: 410 #DPOWER: 0.984
26 -1 24 -1 26 -1 24 -1 26 -1 26 -1 24 -1 #SUP: 400 #DPOWER: 0.981
26 -1 24 -1 26 -1 24 -1 26 -1 26 -1 26 -1 #SUP: 405 #DPOWER: 0.982
26 -1 24 -1 26 -1 24 -1 26 -1 26 -1 26 -1 26 -1 #SUP: 399 #DPOWER: 0.980
26 -1 24 -1 26 -1 26 -1 24 -1 24 -1 #SUP: 420 #DPOWER: 0.988
26 -1 24 -1 26 -1 26 -1 24 -1 24 -1 24 -1 #SUP: 404 #DPOWER: 0.982
26 -1 24 -1 26 -1 26 -1 24 -1 24 -1 24 -1 24 -1 #SUP: 401 #DPOWER: 0.981
26 -1 24 -1 26 -1 26 -1 24 -1 24 -1 26 -1 #SUP: 414 #DPOWER: 0.986
26 -1 24 -1 26 -1 26 -1 24 -1 24 -1 26 -1 24 -1 #SUP: 399 #DPOWER: 0.980
26 -1 24 -1 26 -1 26 -1 24 -1 24 -1 26 -1 26 -1 #SUP: 401 #DPOWER: 0.981
26 -1 24 -1 26 -1 26 -1 24 -1 26 -1 24 -1 #SUP: 405 #DPOWER: 0.982
26 -1 24 -1 26 -1 26 -1 24 -1 26 -1 24 -1 26 -1 #SUP: 400 #DPOWER: 0.981
26 -1 24 -1 26 -1 26 -1 24 -1 26 -1 26 -1 #SUP: 406 #DPOWER: 0.983
26 -1 24 -1 26 -1 26 -1 24 -1 26 -1 26 -1 26 -1 #SUP: 402 #DPOWER: 0.981
26 -1 24 -1 26 -1 26 -1 26 -1 24 -1 #SUP: 414 #DPOWER: 0.986
26 -1 26 -1 24 -1 26 -1 24 -1 26 -1 #SUP: 413 #DPOWER: 0.985
26 -1 24 -1 26 -1 26 -1 26 -1 24 -1 24 -1 #SUP: 411 #DPOWER: 0.985
26 -1 24 -1 26 -1 26 -1 26 -1 24 -1 24 -1 26 -1 #SUP: 402 #DPOWER: 0.981
26 -1 24 -1 26 -1 26 -1 26 -1 24 -1 26 -1 #SUP: 406 #DPOWER: 0.983
26 -1 24 -1 26 -1 26 -1 26 -1 26 -1 24 -1 #SUP: 408 #DPOWER: 0.984
26 -1 24 -1 26 -1 26 -1 26 -1 26 -1 24 -1 24 -1 #SUP: 402 #DPOWER: 0.981
26 -1 24 -1 26 -1 26 -1 26 -1 26 -1 24 -1 26 -1 #SUP: 402 #DPOWER: 0.981
26 -1 24 -1 26 -1 26 -1 26 -1 26 -1 26 -1 #SUP: 412 #DPOWER: 0.985
26 -1 24 -1 26 -1 26 -1 26 -1 26 -1 26 -1 24 -1 #SUP: 399 #DPOWER: 0.980
26 -1 24 -1 26 -1 26 -1 26 -1 26 -1 26 -1 26 -1 #SUP: 402 #DPOWER: 0.981
26 -1 24 -1 26 -1 26 -1 26 -1 26 -1 26 -1 26 -1 26 -1 #SUP: 400 #DPOWER: 0.981
26 -1 26 -1 24 -1 24 -1 #SUP: 433 #DPOWER: 0.988
26 -1 26 -1 24 -1 24 -1 24 -1 #SUP: 416 #DPOWER: 0.986
26 -1 26 -1 24 -1 24 -1 24 -1 24 -1 #SUP: 414 #DPOWER: 0.986
26 -1 26 -1 24 -1 24 -1 24 -1 24 -1 26 -1 #SUP: 406 #DPOWER: 0.983
26 -1 26 -1 24 -1 24 -1 24 -1 26 -1 #SUP: 413 #DPOWER: 0.985
26 -1 26 -1 24 -1 24 -1 24 -1 26 -1 24 -1 #SUP: 405 #DPOWER: 0.982
26 -1 26 -1 24 -1 24 -1 24 -1 26 -1 26 -1 #SUP: 405 #DPOWER: 0.982
26 -1 26 -1 24 -1 24 -1 24 -1 26 -1 26 -1 26 -1 #SUP: 399 #DPOWER: 0.980
26 -1 26 -1 24 -1 24 -1 26 -1 #SUP: 425 #DPOWER: 0.990
26 -1 26 -1 24 -1 24 -1 26 -1 24 -1 #SUP: 411 #DPOWER: 0.985
26 -1 26 -1 24 -1 24 -1 26 -1 24 -1 24 -1 #SUP: 408 #DPOWER: 0.984
26 -1 26 -1 24 -1 24 -1 26 -1 24 -1 24 -1 26 -1 #SUP: 402 #DPOWER: 0.981
26 -1 26 -1 24 -1 24 -1 26 -1 24 -1 26 -1 #SUP: 406 #DPOWER: 0.983
26 -1 26 -1 24 -1 24 -1 26 -1 24 -1 26 -1 26 -1 #SUP: 399 #DPOWER: 0.980
26 -1 26 -1 24 -1 24 -1 26 -1 26 -1 #SUP: 414 #DPOWER: 0.986
26 -1 26 -1 24 -1 24 -1 26 -1 26 -1 24 -1 #SUP: 406 #DPOWER: 0.983
26 -1 26 -1 24 -1 24 -1 26 -1 26 -1 24 -1 24 -1 #SUP: 400 #DPOWER: 0.981
26 -1 26 -1 24 -1 24 -1 26 -1 26 -1 24 -1 26 -1 #SUP: 402 #DPOWER: 0.981
26 -1 26 -1 24 -1 24 -1 26 -1 26 -1 26 -1 #SUP: 411 #DPOWER: 0.985
26 -1 26 -1 24 -1 24 -1 26 -1 26 -1 26 -1 26 -1 #SUP: 404 #DPOWER: 0.982
26 -1 26 -1 24 -1 26 -1 #SUP: 426 #DPOWER: 0.983
26 -1 26 -1 24 -1 26 -1 24 -1 #SUP: 418 #DPOWER: 0.985
26 -1 26 -1 24 -1 26 -1 24 -1 24 -1 #SUP: 412 #DPOWER: 0.985
26 -1 26 -1 24 -1 26 -1 24 -1 24 -1 24 -1 #SUP: 400 #DPOWER: 0.981
26 -1 26 -1 24 -1 26 -1 24 -1 24 -1 26 -1 #SUP: 407 #DPOWER: 0.983
26 -1 26 -1 24 -1 26 -1 24 -1 24 -1 26 -1 26 -1 #SUP: 400 #DPOWER: 0.981
26 -1 26 -1 24 -1 26 -1 24 -1 26 -1 24 -1 #SUP: 404 #DPOWER: 0.982
26 -1 26 -1 24 -1 26 -1 24 -1 26 -1 24 -1 26 -1 #SUP: 399 #DPOWER: 0.980
26 -1 26 -1 24 -1 26 -1 24 -1 26 -1 26 -1 #SUP: 404 #DPOWER: 0.982
26 -1 26 -1 24 -1 26 -1 26 -1 #SUP: 420 #DPOWER: 0.986
26 -1 26 -1 24 -1 26 -1 26 -1 24 -1 #SUP: 415 #DPOWER: 0.986
26 -1 26 -1 26 -1 24 -1 26 -1 26 -1 26 -1 #SUP: 415 #DPOWER: 0.986
26 -1 26 -1 24 -1 26 -1 26 -1 24 -1 24 -1 #SUP: 405 #DPOWER: 0.982
26 -1 26 -1 24 -1 26 -1 26 -1 24 -1 24 -1 26 -1 #SUP: 400 #DPOWER: 0.981
26 -1 26 -1 24 -1 26 -1 26 -1 24 -1 26 -1 #SUP: 411 #DPOWER: 0.985
26 -1 26 -1 24 -1 26 -1 26 -1 26 -1 #SUP: 417 #DPOWER: 0.987
26 -1 26 -1 24 -1 26 -1 26 -1 26 -1 24 -1 #SUP: 402 #DPOWER: 0.981
26 -1 26 -1 24 -1 26 -1 26 -1 26 -1 26 -1 #SUP: 405 #DPOWER: 0.982
26 -1 26 -1 24 -1 26 -1 26 -1 26 -1 26 -1 26 -1 #SUP: 399 #DPOWER: 0.980
26 -1 26 -1 26 -1 24 -1 #SUP: 431 #DPOWER: 0.987
26 -1 26 -1 26 -1 24 -1 24 -1 #SUP: 430 #DPOWER: 0.989
26 -1 26 -1 26 -1 24 -1 24 -1 24 -1 #SUP: 413 #DPOWER: 0.985
26 -1 26 -1 26 -1 24 -1 24 -1 24 -1 24 -1 #SUP: 411 #DPOWER: 0.985
26 -1 26 -1 26 -1 24 -1 24 -1 24 -1 24 -1 26 -1 #SUP: 402 #DPOWER: 0.981
26 -1 26 -1 26 -1 24 -1 24 -1 24 -1 26 -1 #SUP: 409 #DPOWER: 0.984
26 -1 26 -1 26 -1 24 -1 24 -1 24 -1 26 -1 24 -1 #SUP: 400 #DPOWER: 0.981
26 -1 26 -1 26 -1 24 -1 24 -1 26 -1 #SUP: 422 #DPOWER: 0.989
26 -1 26 -1 26 -1 24 -1 24 -1 26 -1 24 -1 #SUP: 410 #DPOWER: 0.984
26 -1 26 -1 26 -1 24 -1 24 -1 26 -1 24 -1 24 -1 #SUP: 404 #DPOWER: 0.982
26 -1 26 -1 26 -1 24 -1 24 -1 26 -1 24 -1 26 -1 #SUP: 403 #DPOWER: 0.982
26 -1 26 -1 26 -1 24 -1 24 -1 26 -1 26 -1 #SUP: 411 #DPOWER: 0.985
26 -1 26 -1 26 -1 24 -1 24 -1 26 -1 26 -1 24 -1 #SUP: 405 #DPOWER: 0.982
26 -1 26 -1 26 -1 24 -1 24 -1 26 -1 26 -1 24 -1 26 -1 #SUP: 400 #DPOWER: 0.981
26 -1 26 -1 26 -1 24 -1 24 -1 26 -1 26 -1 26 -1 #SUP: 408 #DPOWER: 0.984
26 -1 26 -1 26 -1 24 -1 24 -1 26 -1 26 -1 26 -1 26 -1 #SUP: 399 #DPOWER: 0.980
26 -1 26 -1 26 -1 24 -1 26 -1 #SUP: 424 #DPOWER: 0.985
26 -1 26 -1 26 -1 24 -1 26 -1 24 -1 #SUP: 416 #DPOWER: 0.984
26 -1 26 -1 26 -1 24 -1 26 -1 24 -1 24 -1 #SUP: 409 #DPOWER: 0.984
26 -1 26 -1 26 -1 24 -1 26 -1 24 -1 24 -1 26 -1 #SUP: 402 #DPOWER: 0.981
26 -1 26 -1 26 -1 24 -1 26 -1 24 -1 26 -1 #SUP: 411 #DPOWER: 0.985
26 -1 26 -1 26 -1 24 -1 26 -1 24 -1 26 -1 24 -1 #SUP: 401 #DPOWER: 0.981
26 -1 26 -1 26 -1 24 -1 26 -1 24 -1 26 -1 26 -1 #SUP: 399 #DPOWER: 0.980
26 -1 26 -1 26 -1 24 -1 26 -1 26 -1 #SUP: 418 #DPOWER: 0.985
26 -1 26 -1 26 -1 24 -1 26 -1 26 -1 24 -1 #SUP: 411 #DPOWER: 0.985
26 -1 26 -1 26 -1 24 -1 26 -1 26 -1 24 -1 24 -1 #SUP: 403 #DPOWER: 0.982
26 -1 26 -1 26 -1 24 -1 26 -1 26 -1 24 -1 26 -1 #SUP: 406 #DPOWER: 0.983
26 -1 26 -1 26 -1 24 -1 26 -1 26 -1 26 -1 24 -1 #SUP: 400 #DPOWER: 0.981
26 -1 26 -1 26 -1 26 -1 26 -1 26 -1 26 -1 26 -1 24 -1 26 -1 #SUP: 399 #DPOWER: 0.980
26 -1 26 -1 26 -1 24 -1 26 -1 26 -1 26 -1 26 -1 #SUP: 401 #DPOWER: 0.981
26 -1 26 -1 26 -1 26 -1 #SUP: 444 #DPOWER: 0.979
26 -1 26 -1 26 -1 26 -1 24 -1 #SUP: 428 #DPOWER: 0.988
26 -1 26 -1 26 -1 26 -1 24 -1 24 -1 #SUP: 425 #DPOWER: 0.987
26 -1 26 -1 26 -1 26 -1 24 -1 24 -1 24 -1 #SUP: 408 #DPOWER: 0.984
26 -1 26 -1 26 -1 26 -1 24 -1 24 -1 24 -1 24 -1 #SUP: 405 #DPOWER: 0.982
26 -1 26 -1 26 -1 26 -1 24 -1 24 -1 24 -1 24 -1 26 -1 #SUP: 399 #DPOWER: 0.980
26 -1 26 -1 26 -1 26 -1 24 -1 24 -1 24 -1 26 -1 #SUP: 401 #DPOWER: 0.981
26 -1 26 -1 26 -1 26 -1 24 -1 24 -1 26 -1 #SUP: 414 #DPOWER: 0.986
26 -1 26 -1 26 -1 26 -1 24 -1 24 -1 26 -1 24 -1 #SUP: 404 #DPOWER: 0.982
26 -1 26 -1 26 -1 26 -1 24 -1 24 -1 26 -1 26 -1 #SUP: 404 #DPOWER: 0.982
26 -1 26 -1 26 -1 26 -1 24 -1 24 -1 26 -1 26 -1 24 -1 #SUP: 399 #DPOWER: 0.980
26 -1 26 -1 26 -1 26 -1 24 -1 24 -1 26 -1 26 -1 26 -1 #SUP: 401 #DPOWER: 0.981
26 -1 26 -1 26 -1 26 -1 24 -1 26 -1 #SUP: 421 #DPOWER: 0.986
26 -1 26 -1 26 -1 26 -1 24 -1 26 -1 24 -1 #SUP: 413 #DPOWER: 0.983
26 -1 26 -1 26 -1 26 -1 24 -1 26 -1 24 -1 24 -1 #SUP: 401 #DPOWER: 0.981
26 -1 26 -1 26 -1 26 -1 24 -1 26 -1 24 -1 26 -1 #SUP: 403 #DPOWER: 0.982
26 -1 26 -1 26 -1 26 -1 24 -1 26 -1 26 -1 #SUP: 412 #DPOWER: 0.985
26 -1 26 -1 26 -1 26 -1 24 -1 26 -1 26 -1 24 -1 #SUP: 405 #DPOWER: 0.982
26 -1 26 -1 26 -1 26 -1 24 -1 26 -1 26 -1 24 -1 26 -1 #SUP: 400 #DPOWER: 0.981
26 -1 26 -1 26 -1 26 -1 24 -1 26 -1 26 -1 26 -1 #SUP: 408 #DPOWER: 0.984
26 -1 26 -1 26 -1 26 -1 26 -1 #SUP: 440 #DPOWER: 0.982
26 -1 26 -1 26 -1 26 -1 26 -1 24 -1 #SUP: 424 #DPOWER: 0.987
26 -1 26 -1 26 -1 26 -1 26 -1 24 -1 24 -1 #SUP: 419 #DPOWER: 0.988
26 -1 26 -1 26 -1 26 -1 26 -1 24 -1 24 -1 24 -1 #SUP: 404 #DPOWER: 0.982
26 -1 26 -1 26 -1 26 -1 26 -1 24 -1 24 -1 24 -1 24 -1 #SUP: 403 #DPOWER: 0.982
26 -1 26 -1 26 -1 26 -1 26 -1 24 -1 24 -1 24 -1 26 -1 #SUP: 400 #DPOWER: 0.981
26 -1 26 -1 26 -1 26 -1 26 -1 24 -1 24 -1 26 -1 #SUP: 409 #DPOWER: 0.984
26 -1 26 -1 26 -1 26 -1 26 -1 24 -1 24 -1 26 -1 24 -1 #SUP: 399 #DPOWER: 0.980
26 -1 26 -1 26 -1 26 -1 26 -1 24 -1 24 -1 26 -1 26 -1 #SUP: 399 #DPOWER: 0.980
26 -1 26 -1 26 -1 26 -1 26 -1 24 -1 26 -1 #SUP: 415 #DPOWER: 0.986
26 -1 26 -1 26 -1 26 -1 26 -1 24 -1 26 -1 24 -1 #SUP: 408 #DPOWER: 0.984
26 -1 26 -1 26 -1 26 -1 26 -1 24 -1 26 -1 24 -1 24 -1 #SUP: 400 #DPOWER: 0.981
26 -1 26 -1 26 -1 26 -1 26 -1 24 -1 26 -1 24 -1 26 -1 #SUP: 400 #DPOWER: 0.981
26 -1 26 -1 26 -1 26 -1 26 -1 24 -1 26 -1 26 -1 26 -1 #SUP: 405 #DPOWER: 0.982
26 -1 26 -1 26 -1 26 -1 26 -1 24 -1 26 -1 26 -1 24 -1 #SUP: 402 #DPOWER: 0.981
26 -1 26 -1 26 -1 26 -1 26 -1 24 -1 26 -1 26 -1 24 -1 26 -1 #SUP: 399 #DPOWER: 0.980
26 -1 26 -1 26 -1 26 -1 26 -1 26 -1 #SUP: 438 #DPOWER: 0.985
26 -1 26 -1 26 -1 26 -1 26 -1 26 -1 24 -1 #SUP: 419 #DPOWER: 0.988
26 -1 26 -1 26 -1 26 -1 26 -1 26 -1 24 -1 24 -1 #SUP: 413 #DPOWER: 0.985
26 -1 26 -1 26 -1 26 -1 26 -1 26 -1 24 -1 24 -1 24 -1 #SUP: 401 #DPOWER: 0.981
26 -1 26 -1 26 -1 26 -1 26 -1 26 -1 24 -1 24 -1 26 -1 #SUP: 405 #DPOWER: 0.982
26 -1 26 -1 26 -1 26 -1 26 -1 26 -1 24 -1 26 -1 #SUP: 409 #DPOWER: 0.984
26 -1 26 -1 26 -1 26 -1 26 -1 26 -1 24 -1 26 -1 24 -1 #SUP: 402 #DPOWER: 0.981
26 -1 26 -1 26 -1 26 -1 26 -1 26 -1 24 -1 26 -1 26 -1 26 -1 #SUP: 400 #DPOWER: 0.981
26 -1 26 -1 26 -1 26 -1 26 -1 26 -1 26 -1 #SUP: 428 #DPOWER: 0.984
26 -1 26 -1 26 -1 26 -1 26 -1 26 -1 26 -1 24 -1 #SUP: 415 #DPOWER: 0.986
26 -1 26 -1 26 -1 26 -1 26 -1 26 -1 26 -1 24 -1 24 -1 #SUP: 411 #DPOWER: 0.985
26 -1 26 -1 26 -1 26 -1 26 -1 26 -1 26 -1 24 -1 24 -1 26 -1 #SUP: 403 #DPOWER: 0.982
26 -1 26 -1 26 -1 26 -1 26 -1 26 -1 26 -1 24 -1 26 -1 #SUP: 408 #DPOWER: 0.984
26 -1 26 -1 26 -1 26 -1 26 -1 26 -1 26 -1 24 -1 26 -1 24 -1 #SUP: 400 #DPOWER: 0.981
26 -1 26 -1 26 -1 26 -1 26 -1 26 -1 26 -1 26 -1 #SUP: 427 #DPOWER: 0.986
26 -1 26 -1 26 -1 26 -1 26 -1 26 -1 26 -1 26 -1 24 -1 #SUP: 410 #DPOWER: 0.984
26 -1 26 -1 26 -1 26 -1 26 -1 26 -1 26 -1 26 -1 24 -1 24 -1 #SUP: 404 #DPOWER: 0.982
26 -1 26 -1 26 -1 26 -1 26 -1 26 -1 26 -1 26 -1 26 -1 #SUP: 419 #DPOWER: 0.985
26 -1 26 -1 26 -1 26 -1 26 -1 26 -1 26 -1 26 -1 26 -1 24 -1 #SUP: 407 #DPOWER: 0.983
26 -1 26 -1 26 -1 26 -1 26 -1 26 -1 26 -1 26 -1 26 -1 24 -1 24 -1 #SUP: 401 #DPOWER: 0.981
26 -1 26 -1 26 -1 26 -1 26 -1 26 -1 26 -1 26 -1 26 -1 26 -1 #SUP: 416 #DPOWER: 0.984
26 -1 26 -1 26 -1 26 -1 26 -1 26 -1 26 -1 26 -1 26 -1 26 -1 24 -1 #SUP: 400 #DPOWER: 0.981
26 -1 26 -1 26 -1 26 -1 26 -1 26 -1 26 -1 26 -1 26 -1 26 -1 26 -1 #SUP: 403 #DPOWER: 0.982
26 -1 26 -1 26 -1 26 -1 26 -1 26 -1 26 -1 26 -1 26 -1 26 -1 26 -1 26 -1 #SUP: 401 #DPOWER: 0.981
26 -1 23 -1 #SUP: 405 #DPOWER: 0.982
26 -1 23 -1 24 -1 #SUP: 401 #DPOWER: 0.981
26 -1 23 -1 26 -1 #SUP: 401 #DPOWER: 0.981
26 -1 23 -1 23 -1 #SUP: 400 #DPOWER: 0.981
