1 -1 1 -1 #SUP: 307 #DPOWER: 0.936
1 -1 1 -1 2 -1 #SUP: 304 #DPOWER: 0.935
1 -1 1 -1 2 -1 2 -1 #SUP: 293 #DPOWER: 0.944
1 -1 1 -1 2 -1 2 -1 2 -1 #SUP: 290 #DPOWER: 0.946
1 -1 2 -1 #SUP: 305 #DPOWER: 0.929
1 -1 2 -1 2 -1 #SUP: 294 #DPOWER: 0.941
1 -1 2 -1 2 -1 2 -1 #SUP: 291 #DPOWER: 0.943
2 -1 2 -1 #SUP: 320 #DPOWER: 0.926
2 -1 1 -1 #SUP: 305 #DPOWER: 0.929
2 -1 1 -1 1 -1 #SUP: 301 #DPOWER: 0.948
2 -1 1 -1 1 -1 2 -1 #SUP: 297 #DPOWER: 0.946
2 -1 1 -1 1 -1 2 -1 2 -1 #SUP: 286 #DPOWER: 0.957
2 -1 1 -1 2 -1 #SUP: 302 #DPOWER: 0.936
2 -1 1 -1 2 -1 2 -1 #SUP: 291 #DPOWER: 0.943
2 -1 1 -1 2 -1 2 -1 2 -1 #SUP: 288 #DPOWER: 0.945
2 -1 2 -1 1 -1 #SUP: 295 #DPOWER: 0.945
2 -1 2 -1 1 -1 2 -1 #SUP: 291 #DPOWER: 0.949
2 -1 2 -1 2 -1 #SUP: 318 #DPOWER: 0.936
2 -1 2 -1 2 -1 1 -1 #SUP: 287 #DPOWER: 0.947
2 -1 2 -1 2 -1 2 -1 #SUP: 317 #DPOWER: 0.936
2 -1 2 -1 2 -1 2 -1 2 -1 #SUP: 308 #DPOWER: 0.939
2 -1 2 -1 2 -1 2 -1 2 -1 2 -1 #SUP: 307 #DPOWER: 0.942
2 -1 2 -1 2 -1 2 -1 2 -1 2 -1 2 -1 #SUP: 293 #DPOWER: 0.941
2 -1 2 -1 2 -1 2 -1 2 -1 2 -1 2 -1 2 -1 #SUP: 292 #DPOWER: 0.947
