37 -1 38 -1 37 -1 37 -1 38 -1 38 -1 10 -1 37 -1 #SUP: 19 #DPOWER: 0.999
37 -1 38 -1 37 -1 37 -1 38 -1 13 -1 37 -1 37 -1 38 -1 37 -1 #SUP: 19 #DPOWER: 0.999
37 -1 38 -1 37 -1 37 -1 37 -1 37 -1 37 -1 13 -1 37 -1 38 -1 37 -1 #SUP: 19 #DPOWER: 0.999
37 -1 38 -1 13 -1 37 -1 37 -1 37 -1 38 -1 13 -1 37 -1 #SUP: 19 #DPOWER: 0.904
37 -1 38 -1 13 -1 37 -1 37 -1 37 -1 37 -1 37 -1 37 -1 38 -1 37 -1 #SUP: 19 #DPOWER: 0.999
37 -1 38 -1 13 -1 37 -1 37 -1 37 -1 13 -1 37 -1 37 -1 38 -1 37 -1 #SUP: 19 #DPOWER: 0.999
38 -1 38 -1 13 -1 37 -1 37 -1 37 -1 38 -1 13 -1 37 -1 #SUP: 19 #DPOWER: 0.904
38 -1 38 -1 13 -1 37 -1 37 -1 37 -1 37 -1 37 -1 37 -1 38 -1 37 -1 #SUP: 19 #DPOWER: 0.999
38 -1 38 -1 13 -1 37 -1 37 -1 37 -1 37 -1 37 -1 13 -1 37 -1 #SUP: 19 #DPOWER: 0.949
38 -1 38 -1 13 -1 37 -1 37 -1 37 -1 13 -1 37 -1 37 -1 38 -1 37 -1 #SUP: 19 #DPOWER: 0.999
38 -1 37 -1 38 -1 38 -1 38 -1 10 -1 37 -1 #SUP: 19 #DPOWER: 0.999
38 -1 37 -1 38 -1 38 -1 13 -1 37 -1 37 -1 38 -1 37 -1 #SUP: 19 #DPOWER: 0.999
38 -1 37 -1 38 -1 37 -1 13 -1 37 -1 37 -1 38 -1 37 -1 #SUP: 19 #DPOWER: 0.999
38 -1 37 -1 38 -1 13 -1 37 -1 38 -1 13 -1 37 -1 #SUP: 19 #DPOWER: 0.949
38 -1 37 -1 38 -1 13 -1 37 -1 37 -1 37 -1 13 -1 37 -1 38 -1 37 -1 #SUP: 19 #DPOWER: 0.999
38 -1 37 -1 38 -1 13 -1 37 -1 13 -1 37 -1 37 -1 37 -1 #SUP: 19 #DPOWER: 0.949
38 -1 37 -1 13 -1 37 -1 37 -1 37 -1 37 -1 37 -1 38 -1 37 -1 #SUP: 19 #DPOWER: 0.999
38 -1 37 -1 13 -1 37 -1 37 -1 13 -1 37 -1 37 -1 38 -1 37 -1 #SUP: 19 #DPOWER: 0.999
38 -1 13 -1 37 -1 13 -1 37 -1 37 -1 38 -1 13 -1 37 -1 #SUP: 19 #DPOWER: 0.999
38 -1 13 -1 37 -1 13 -1 37 -1 37 -1 37 -1 37 -1 38 -1 37 -1 #SUP: 19 #DPOWER: 0.999
38 -1 13 -1 37 -1 13 -1 37 -1 13 -1 37 -1 37 -1 38 -1 37 -1 #SUP: 19 #DPOWER: 0.999
37 -1 38 -1 37 -1 37 -1 38 -1 37 -1 37 -1 38 -1 37 -1 #SUP: 20 #DPOWER: 0.952
37 -1 38 -1 37 -1 37 -1 37 -1 37 -1 37 -1 37 -1 38 -1 37 -1 #SUP: 20 #DPOWER: 0.952
38 -1 38 -1 37 -1 37 -1 37 -1 37 -1 37 -1 37 -1 38 -1 37 -1 #SUP: 20 #DPOWER: 1.000
38 -1 37 -1 38 -1 38 -1 37 -1 37 -1 38 -1 37 -1 #SUP: 20 #DPOWER: 0.952
38 -1 37 -1 38 -1 37 -1 37 -1 37 -1 37 -1 38 -1 37 -1 #SUP: 20 #DPOWER: 0.952
37 -1 38 -1 38 -1 38 -1 38 -1 38 -1 38 -1 38 -1 38 -1 38 -1 38 -1 37 -1 38 -1 37 -1 #SUP: 19 #DPOWER: 0.999
37 -1 38 -1 38 -1 38 -1 38 -1 38 -1 38 -1 38 -1 38 -1 38 -1 38 -1 37 -1 37 -1 38 -1 #SUP: 19 #DPOWER: 0.999
37 -1 38 -1 38 -1 38 -1 38 -1 38 -1 38 -1 38 -1 38 -1 37 -1 37 -1 37 -1 38 -1 #SUP: 19 #DPOWER: 0.999
37 -1 38 -1 38 -1 38 -1 38 -1 38 -1 38 -1 38 -1 38 -1 37 -1 37 -1 37 -1 37 -1 #SUP: 19 #DPOWER: 0.999
37 -1 38 -1 38 -1 38 -1 38 -1 38 -1 38 -1 37 -1 37 -1 37 -1 37 -1 38 -1 #SUP: 19 #DPOWER: 0.999
37 -1 38 -1 38 -1 37 -1 37 -1 37 -1 37 -1 37 -1 37 -1 38 -1 37 -1 #SUP: 19 #DPOWER: 0.999
37 -1 38 -1 37 -1 37 -1 38 -1 38 -1 38 -1 38 -1 38 -1 38 -1 38 -1 38 -1 38 -1 38 -1 37 -1 #SUP: 19 #DPOWER: 0.999
37 -1 38 -1 37 -1 37 -1 38 -1 38 -1 38 -1 38 -1 38 -1 38 -1 38 -1 38 -1 37 -1 38 -1 37 -1 #SUP: 19 #DPOWER: 0.999
37 -1 38 -1 37 -1 37 -1 38 -1 38 -1 38 -1 38 -1 38 -1 38 -1 38 -1 38 -1 37 -1 37 -1 38 -1 #SUP: 19 #DPOWER: 0.999
37 -1 38 -1 37 -1 37 -1 38 -1 38 -1 38 -1 38 -1 38 -1 38 -1 38 -1 38 -1 37 -1 37 -1 37 -1 #SUP: 19 #DPOWER: 0.999
37 -1 38 -1 37 -1 37 -1 38 -1 38 -1 38 -1 38 -1 38 -1 38 -1 38 -1 37 -1 37 -1 38 -1 37 -1 #SUP: 19 #DPOWER: 0.999
37 -1 38 -1 37 -1 37 -1 38 -1 38 -1 38 -1 38 -1 38 -1 38 -1 37 -1 37 -1 37 -1 38 -1 #SUP: 19 #DPOWER: 0.999
37 -1 38 -1 37 -1 37 -1 38 -1 38 -1 38 -1 38 -1 38 -1 38 -1 37 -1 37 -1 37 -1 37 -1 #SUP: 19 #DPOWER: 0.999
37 -1 38 -1 37 -1 37 -1 38 -1 38 -1 38 -1 38 -1 37 -1 37 -1 37 -1 37 -1 38 -1 37 -1 #SUP: 19 #DPOWER: 0.999
37 -1 37 -1 38 -1 38 -1 38 -1 38 -1 38 -1 38 -1 38 -1 37 -1 37 -1 37 -1 38 -1 #SUP: 19 #DPOWER: 0.999
37 -1 37 -1 38 -1 38 -1 38 -1 38 -1 38 -1 38 -1 38 -1 37 -1 37 -1 37 -1 37 -1 #SUP: 19 #DPOWER: 0.999
38 -1 38 -1 38 -1 38 -1 38 -1 38 -1 38 -1 38 -1 38 -1 38 -1 37 -1 37 -1 37 -1 #SUP: 19 #DPOWER: 0.999
37 -1 38 -1 37 -1 37 -1 37 -1 38 -1 37 -1 37 -1 38 -1 37 -1 #SUP: 19 #DPOWER: 0.999
37 -1 38 -1 37 -1 37 -1 37 -1 37 -1 37 -1 37 -1 38 -1 38 -1 37 -1 #SUP: 19 #DPOWER: 0.999
38 -1 38 -1 37 -1 37 -1 37 -1 38 -1 37 -1 37 -1 38 -1 37 -1 #SUP: 19 #DPOWER: 0.999
38 -1 38 -1 37 -1 37 -1 37 -1 37 -1 37 -1 37 -1 38 -1 38 -1 37 -1 #SUP: 19 #DPOWER: 0.999
38 -1 37 -1 38 -1 37 -1 38 -1 37 -1 37 -1 38 -1 37 -1 #SUP: 19 #DPOWER: 0.999
38 -1 37 -1 38 -1 37 -1 37 -1 37 -1 37 -1 38 -1 38 -1 37 -1 #SUP: 19 #DPOWER: 0.999
37 -1 38 -1 37 -1 37 -1 37 -1 37 -1 37 -1 37 -1 37 -1 37 -1 38 -1 37 -1 #SUP: 19 #DPOWER: 0.999
38 -1 37 -1 38 -1 37 -1 37 -1 37 -1 37 -1 37 -1 37 -1 38 -1 37 -1 #SUP: 19 #DPOWER: 0.999
