10 -1 38 -1 38 -1 38 -1 38 -1 38 -1 38 -1 38 -1 38 -1 38 -1 37 -1 #SUP: 9 #DPOWER: 0.999
10 -1 38 -1 38 -1 38 -1 38 -1 38 -1 38 -1 38 -1 37 -1 38 -1 37 -1 #SUP: 9 #DPOWER: 0.999
10 -1 38 -1 38 -1 38 -1 38 -1 38 -1 38 -1 37 -1 38 -1 38 -1 37 -1 #SUP: 9 #DPOWER: 0.999
10 -1 38 -1 38 -1 38 -1 38 -1 38 -1 38 -1 37 -1 37 -1 38 -1 37 -1 #SUP: 9 #DPOWER: 0.999
10 -1 38 -1 38 -1 38 -1 38 -1 37 -1 37 -1 38 -1 38 -1 37 -1 #SUP: 9 #DPOWER: 0.999
10 -1 38 -1 38 -1 38 -1 38 -1 37 -1 37 -1 37 -1 38 -1 38 -1 #SUP: 9 #DPOWER: 0.999
37 -1 40 -1 40 -1 37 -1 37 -1 37 -1 #SUP: 10 #DPOWER: 0.908
37 -1 37 -1 40 -1 40 -1 37 -1 37 -1 #SUP: 10 #DPOWER: 0.908
40 -1 40 -1 40 -1 40 -1 37 -1 37 -1 37 -1 #SUP: 10 #DPOWER: 0.999
13 -1 38 -1 38 -1 38 -1 38 -1 38 -1 38 -1 38 -1 37 -1 38 -1 37 -1 #SUP: 9 #DPOWER: 0.999
13 -1 38 -1 38 -1 38 -1 38 -1 38 -1 38 -1 37 -1 38 -1 38 -1 37 -1 38 -1 #SUP: 9 #DPOWER: 0.999
13 -1 38 -1 38 -1 38 -1 38 -1 38 -1 38 -1 37 -1 37 -1 38 -1 37 -1 #SUP: 9 #DPOWER: 0.999
13 -1 38 -1 38 -1 38 -1 38 -1 38 -1 37 -1 38 -1 38 -1 38 -1 37 -1 38 -1 #SUP: 9 #DPOWER: 0.999
13 -1 38 -1 38 -1 38 -1 38 -1 37 -1 38 -1 37 -1 38 -1 38 -1 38 -1 #SUP: 9 #DPOWER: 0.999
13 -1 38 -1 38 -1 38 -1 38 -1 37 -1 37 -1 38 -1 38 -1 37 -1 38 -1 38 -1 #SUP: 9 #DPOWER: 0.999
13 -1 38 -1 38 -1 38 -1 37 -1 38 -1 38 -1 37 -1 38 -1 38 -1 38 -1 38 -1 #SUP: 9 #DPOWER: 0.999
13 -1 38 -1 38 -1 38 -1 37 -1 38 -1 38 -1 37 -1 38 -1 38 -1 37 -1 38 -1 #SUP: 9 #DPOWER: 0.999
37 -1 38 -1 38 -1 37 -1 38 -1 38 -1 38 -1 38 -1 38 -1 38 -1 #SUP: 9 #DPOWER: 0.999
37 -1 38 -1 38 -1 37 -1 38 -1 38 -1 38 -1 38 -1 37 -1 38 -1 #SUP: 9 #DPOWER: 0.999
37 -1 38 -1 38 -1 37 -1 38 -1 38 -1 37 -1 38 -1 37 -1 #SUP: 9 #DPOWER: 0.999
37 -1 37 -1 38 -1 38 -1 37 -1 38 -1 38 -1 38 -1 38 -1 #SUP: 9 #DPOWER: 0.999
37 -1 37 -1 38 -1 38 -1 37 -1 38 -1 38 -1 37 -1 38 -1 #SUP: 9 #DPOWER: 0.999
37 -1 13 -1 38 -1 38 -1 38 -1 38 -1 38 -1 38 -1 38 -1 37 -1 38 -1 #SUP: 9 #DPOWER: 0.999
37 -1 13 -1 38 -1 38 -1 38 -1 38 -1 38 -1 38 -1 37 -1 38 -1 37 -1 #SUP: 9 #DPOWER: 0.999
37 -1 13 -1 38 -1 38 -1 38 -1 38 -1 38 -1 38 -1 37 -1 37 -1 37 -1 #SUP: 9 #DPOWER: 0.999
37 -1 13 -1 38 -1 38 -1 38 -1 37 -1 38 -1 37 -1 37 -1 #SUP: 9 #DPOWER: 0.999
37 -1 13 -1 37 -1 38 -1 38 -1 38 -1 38 -1 38 -1 38 -1 #SUP: 9 #DPOWER: 0.999
37 -1 13 -1 37 -1 38 -1 38 -1 38 -1 38 -1 37 -1 38 -1 #SUP: 9 #DPOWER: 0.999
37 -1 13 -1 37 -1 38 -1 38 -1 37 -1 38 -1 37 -1 #SUP: 9 #DPOWER: 0.999
38 -1 38 -1 38 -1 38 -1 38 -1 38 -1 37 -1 38 -1 38 -1 38 -1 37 -1 38 -1 #SUP: 9 #DPOWER: 0.999
38 -1 38 -1 38 -1 38 -1 37 -1 38 -1 38 -1 38 -1 38 -1 38 -1 38 -1 #SUP: 9 #DPOWER: 0.999
38 -1 38 -1 38 -1 38 -1 37 -1 38 -1 38 -1 38 -1 38 -1 37 -1 38 -1 #SUP: 9 #DPOWER: 0.999
38 -1 38 -1 38 -1 38 -1 37 -1 38 -1 38 -1 37 -1 38 -1 38 -1 38 -1 #SUP: 9 #DPOWER: 0.999
37 -1 40 -1 40 -1 37 -1 37 -1 37 -1 37 -1 37 -1 #SUP: 9 #DPOWER: 0.999
37 -1 37 -1 40 -1 40 -1 37 -1 37 -1 37 -1 37 -1 #SUP: 9 #DPOWER: 0.999
40 -1 40 -1 40 -1 40 -1 37 -1 37 -1 37 -1 37 -1 37 -1 #SUP: 9 #DPOWER: 0.999
13 -1 40 -1 37 -1 37 -1 37 -1 #SUP: 9 #DPOWER: 0.999
13 -1 37 -1 40 -1 37 -1 37 -1 #SUP: 9 #DPOWER: 0.999
38 -1 38 -1 38 -1 38 -1 38 -1 38 -1 38 -1 38 -1 37 -1 38 -1 13 -1 37 -1 #SUP: 9 #DPOWER: 0.999
38 -1 38 -1 38 -1 38 -1 38 -1 38 -1 37 -1 38 -1 38 -1 13 -1 37 -1 #SUP: 9 #DPOWER: 0.999
38 -1 38 -1 38 -1 38 -1 38 -1 38 -1 37 -1 37 -1 38 -1 13 -1 37 -1 #SUP: 9 #DPOWER: 0.999
38 -1 38 -1 38 -1 38 -1 37 -1 37 -1 38 -1 38 -1 13 -1 37 -1 #SUP: 9 #DPOWER: 0.999
38 -1 38 -1 38 -1 38 -1 38 -1 38 -1 38 -1 38 -1 37 -1 37 -1 38 -1 38 -1 #SUP: 9 #DPOWER: 0.999
38 -1 38 -1 38 -1 38 -1 38 -1 38 -1 38 -1 37 -1 38 -1 38 -1 37 -1 #SUP: 9 #DPOWER: 0.999
38 -1 38 -1 38 -1 38 -1 38 -1 38 -1 37 -1 37 -1 38 -1 38 -1 37 -1 #SUP: 9 #DPOWER: 0.999
38 -1 38 -1 38 -1 38 -1 38 -1 38 -1 37 -1 37 -1 37 -1 38 -1 38 -1 #SUP: 9 #DPOWER: 0.999
37 -1 40 -1 40 -1 40 -1 40 -1 37 -1 37 -1 37 -1 #SUP: 9 #DPOWER: 0.999
37 -1 37 -1 40 -1 40 -1 40 -1 37 -1 37 -1 #SUP: 9 #DPOWER: 0.999
38 -1 38 -1 38 -1 38 -1 38 -1 38 -1 37 -1 38 -1 38 -1 37 -1 #SUP: 10 #DPOWER: 0.999
38 -1 38 -1 38 -1 38 -1 38 -1 38 -1 37 -1 37 -1 38 -1 37 -1 #SUP: 10 #DPOWER: 0.908
38 -1 38 -1 38 -1 38 -1 37 -1 37 -1 38 -1 38 -1 37 -1 #SUP: 10 #DPOWER: 0.999
38 -1 38 -1 38 -1 38 -1 37 -1 37 -1 37 -1 38 -1 38 -1 #SUP: 10 #DPOWER: 0.908
38 -1 38 -1 38 -1 38 -1 37 -1 37 -1 37 -1 38 -1 38 -1 37 -1 #SUP: 9 #DPOWER: 0.999
40 -1 40 -1 37 -1 40 -1 40 -1 37 -1 37 -1 #SUP: 9 #DPOWER: 0.999
40 -1 40 -1 37 -1 37 -1 40 -1 37 -1 #SUP: 9 #DPOWER: 0.999
40 -1 37 -1 37 -1 40 -1 40 -1 37 -1 #SUP: 9 #DPOWER: 0.999
