37 -1 37 -1 13 -1 37 -1 37 -1 37 -1 37 -1 37 -1 38 -1 38 -1 #SUP: 34 #DPOWER: 0.999
37 -1 37 -1 13 -1 37 -1 37 -1 37 -1 37 -1 37 -1 38 -1 37 -1 #SUP: 34 #DPOWER: 0.999
37 -1 13 -1 37 -1 37 -1 37 -1 37 -1 37 -1 37 -1 37 -1 38 -1 #SUP: 34 #DPOWER: 0.999
37 -1 13 -1 37 -1 37 -1 13 -1 38 -1 38 -1 #SUP: 34 #DPOWER: 0.918
37 -1 13 -1 37 -1 37 -1 13 -1 37 -1 37 -1 38 -1 #SUP: 34 #DPOWER: 0.918
37 -1 13 -1 37 -1 13 -1 37 -1 37 -1 38 -1 38 -1 #SUP: 34 #DPOWER: 0.944
37 -1 37 -1 13 -1 37 -1 37 -1 37 -1 37 -1 38 -1 38 -1 37 -1 37 -1 #SUP: 33 #DPOWER: 0.999
37 -1 37 -1 13 -1 37 -1 37 -1 37 -1 37 -1 37 -1 38 -1 38 -1 37 -1 #SUP: 33 #DPOWER: 0.999
37 -1 13 -1 37 -1 37 -1 38 -1 38 -1 37 -1 37 -1 37 -1 #SUP: 33 #DPOWER: 0.969
37 -1 13 -1 37 -1 37 -1 37 -1 37 -1 37 -1 38 -1 38 -1 37 -1 37 -1 #SUP: 33 #DPOWER: 0.999
37 -1 13 -1 37 -1 37 -1 13 -1 38 -1 38 -1 37 -1 37 -1 #SUP: 33 #DPOWER: 0.999
37 -1 37 -1 37 -1 13 -1 38 -1 37 -1 38 -1 #SUP: 33 #DPOWER: 0.915
37 -1 37 -1 13 -1 37 -1 37 -1 38 -1 37 -1 38 -1 #SUP: 33 #DPOWER: 0.942
13 -1 37 -1 38 -1 13 -1 37 -1 13 -1 #SUP: 33 #DPOWER: 0.969
37 -1 37 -1 37 -1 37 -1 37 -1 37 -1 37 -1 13 -1 38 -1 38 -1 #SUP: 33 #DPOWER: 0.999
37 -1 37 -1 37 -1 37 -1 37 -1 37 -1 37 -1 13 -1 38 -1 37 -1 #SUP: 33 #DPOWER: 0.999
37 -1 37 -1 37 -1 37 -1 37 -1 37 -1 37 -1 13 -1 37 -1 37 -1 38 -1 #SUP: 33 #DPOWER: 0.999
37 -1 37 -1 13 -1 37 -1 37 -1 37 -1 37 -1 13 -1 38 -1 38 -1 #SUP: 33 #DPOWER: 0.999
37 -1 37 -1 13 -1 37 -1 37 -1 37 -1 37 -1 13 -1 38 -1 37 -1 #SUP: 33 #DPOWER: 0.999
37 -1 37 -1 13 -1 37 -1 37 -1 37 -1 37 -1 13 -1 37 -1 38 -1 #SUP: 33 #DPOWER: 0.999
37 -1 37 -1 13 -1 37 -1 37 -1 37 -1 13 -1 37 -1 37 -1 38 -1 #SUP: 33 #DPOWER: 0.999
37 -1 37 -1 13 -1 37 -1 13 -1 37 -1 37 -1 38 -1 38 -1 #SUP: 33 #DPOWER: 0.969
37 -1 37 -1 13 -1 37 -1 13 -1 37 -1 37 -1 13 -1 38 -1 #SUP: 33 #DPOWER: 0.999
37 -1 37 -1 13 -1 37 -1 13 -1 37 -1 13 -1 38 -1 38 -1 #SUP: 33 #DPOWER: 0.999
37 -1 37 -1 13 -1 37 -1 13 -1 37 -1 13 -1 37 -1 38 -1 #SUP: 33 #DPOWER: 0.999
37 -1 13 -1 37 -1 37 -1 37 -1 37 -1 37 -1 37 -1 13 -1 37 -1 13 -1 #SUP: 33 #DPOWER: 0.915
37 -1 13 -1 37 -1 37 -1 37 -1 37 -1 37 -1 13 -1 38 -1 38 -1 #SUP: 33 #DPOWER: 0.999
37 -1 13 -1 37 -1 37 -1 37 -1 37 -1 37 -1 13 -1 38 -1 37 -1 #SUP: 33 #DPOWER: 0.999
37 -1 13 -1 37 -1 37 -1 37 -1 37 -1 37 -1 13 -1 37 -1 37 -1 38 -1 #SUP: 33 #DPOWER: 0.999
37 -1 13 -1 37 -1 13 -1 13 -1 37 -1 37 -1 38 -1 #SUP: 33 #DPOWER: 0.999
37 -1 38 -1 37 -1 13 -1 37 -1 37 -1 38 -1 37 -1 #SUP: 33 #DPOWER: 0.915
37 -1 38 -1 37 -1 13 -1 37 -1 37 -1 37 -1 38 -1 38 -1 #SUP: 33 #DPOWER: 0.999
37 -1 38 -1 13 -1 37 -1 37 -1 13 -1 37 -1 38 -1 38 -1 #SUP: 33 #DPOWER: 0.999
37 -1 37 -1 37 -1 37 -1 37 -1 37 -1 37 -1 37 -1 37 -1 38 -1 38 -1 #SUP: 33 #DPOWER: 0.942
37 -1 13 -1 37 -1 37 -1 37 -1 37 -1 37 -1 37 -1 37 -1 38 -1 38 -1 #SUP: 33 #DPOWER: 0.999
37 -1 13 -1 37 -1 37 -1 13 -1 37 -1 37 -1 38 -1 38 -1 #SUP: 33 #DPOWER: 0.969
37 -1 37 -1 37 -1 13 -1 37 -1 37 -1 37 -1 37 -1 38 -1 38 -1 #SUP: 33 #DPOWER: 0.999
37 -1 37 -1 37 -1 13 -1 37 -1 37 -1 37 -1 37 -1 38 -1 37 -1 #SUP: 33 #DPOWER: 0.969
37 -1 13 -1 37 -1 37 -1 37 -1 37 -1 37 -1 37 -1 37 -1 38 -1 37 -1 #SUP: 33 #DPOWER: 0.999
37 -1 13 -1 37 -1 37 -1 13 -1 37 -1 37 -1 38 -1 37 -1 #SUP: 33 #DPOWER: 0.942
37 -1 13 -1 37 -1 13 -1 37 -1 37 -1 37 -1 37 -1 38 -1 38 -1 #SUP: 33 #DPOWER: 0.999
37 -1 13 -1 37 -1 13 -1 37 -1 37 -1 37 -1 37 -1 37 -1 38 -1 37 -1 #SUP: 33 #DPOWER: 0.999
13 -1 37 -1 37 -1 37 -1 13 -1 37 -1 37 -1 37 -1 37 -1 37 -1 37 -1 #SUP: 33 #DPOWER: 0.999
37 -1 37 -1 37 -1 13 -1 37 -1 37 -1 37 -1 37 -1 37 -1 37 -1 37 -1 37 -1 37 -1 #SUP: 33 #DPOWER: 0.969
37 -1 13 -1 37 -1 13 -1 37 -1 37 -1 37 -1 37 -1 37 -1 37 -1 37 -1 37 -1 37 -1 #SUP: 33 #DPOWER: 0.999
37 -1 38 -1 37 -1 13 -1 37 -1 37 -1 37 -1 37 -1 37 -1 37 -1 #SUP: 33 #DPOWER: 0.915
37 -1 37 -1 13 -1 37 -1 37 -1 37 -1 37 -1 37 -1 37 -1 37 -1 38 -1 #SUP: 33 #DPOWER: 0.999
