1 -1 2 -1 1 -1 2 -1 2 -1 2 -1 2 -1 2 -1 2 -1 2 -1 2 -1 2 -1 2 -1 #SUP: 11 #DPOWER: 1.000
2 -1 1 -1 1 -1 2 -1 2 -1 2 -1 2 -1 2 -1 2 -1 2 -1 2 -1 2 -1 2 -1 #SUP: 11 #DPOWER: 1.000
2 -1 1 -1 2 -1 2 -1 1 -1 2 -1 2 -1 2 -1 2 -1 2 -1 2 -1 2 -1 2 -1 #SUP: 11 #DPOWER: 1.000
1 -1 2 -1 1 -1 2 -1 2 -1 2 -1 2 -1 2 -1 2 -1 1 -1 1 -1 2 -1 #SUP: 10 #DPOWER: 0.999
1 -1 2 -1 1 -1 2 -1 2 -1 2 -1 2 -1 2 -1 2 -1 2 -1 1 -1 2 -1 #SUP: 10 #DPOWER: 0.999
2 -1 1 -1 1 -1 2 -1 2 -1 2 -1 2 -1 2 -1 2 -1 1 -1 1 -1 2 -1 #SUP: 10 #DPOWER: 0.999
2 -1 1 -1 1 -1 2 -1 2 -1 2 -1 2 -1 2 -1 2 -1 2 -1 1 -1 2 -1 #SUP: 10 #DPOWER: 0.999
2 -1 1 -1 2 -1 2 -1 1 -1 2 -1 2 -1 2 -1 2 -1 1 -1 1 -1 2 -1 #SUP: 10 #DPOWER: 0.999
2 -1 1 -1 2 -1 2 -1 1 -1 2 -1 2 -1 2 -1 2 -1 2 -1 1 -1 2 -1 #SUP: 10 #DPOWER: 0.999
1 -1 4 -1 2 -1 1 -1 2 -1 2 -1 2 -1 #SUP: 10 #DPOWER: 0.999
1 -1 4 -1 2 -1 2 -1 1 -1 2 -1 2 -1 #SUP: 10 #DPOWER: 0.999
2 -1 1 -1 1 -1 2 -1 2 -1 2 -1 2 -1 2 -1 2 -1 2 -1 2 -1 2 -1 2 -1 2 -1 #SUP: 10 #DPOWER: 0.999
2 -1 1 -1 2 -1 1 -1 2 -1 2 -1 2 -1 2 -1 2 -1 2 -1 2 -1 2 -1 2 -1 2 -1 #SUP: 10 #DPOWER: 0.999
2 -1 1 -1 2 -1 2 -1 1 -1 2 -1 2 -1 2 -1 2 -1 2 -1 2 -1 2 -1 2 -1 2 -1 #SUP: 10 #DPOWER: 0.999
2 -1 1 -1 4 -1 2 -1 #SUP: 10 #DPOWER: 0.999
