37 -1 37 -1 37 -1 10 -1 38 -1 13 -1 37 -1 13 -1 38 -1 10 -1 39 -1 38 -1 37 -1 38 -1 13 -1 37 -1 38 -1 37 -1 38 -1 37 -1 37 -1 39 -1 40 -1 13 -1 37 -1 39 -1 40 -1 37 -1 37 -1 40 -1 37 -1 40 -1 37 -1 37 -1 40 -1 39 -1 40 -1 13 -1 37 -1 40 -1 37 -1 37 -1 40 -1 37 -1 40 -1 40 -1 13 -1 37 -1 40 -1 13 -1 37 -1 39 -1 40 -1 37 -1 37 -1 39 -1 40 -1 39 -1 40 -1 41 -1 10 -1 38 -1 10 -1 38 -1 13 -1 37 -1 37 -1 10 -1 38 -1 38 -1 37 -1 13 -1 37 -1 13 -1 37 -1 13 -1 37 -1 10 -1 38 -1 10 -1 38 -1 41 -1 13 -1 37 -1 37 -1 -2
40 -1 40 -1 40 -1 13 -1 37 -1 37 -1 37 -1 40 -1 40 -1 40 -1 40 -1 37 -1 37 -1 37 -1 13 -1 37 -1 39 -1 40 -1 40 -1 37 -1 39 -1 40 -1 13 -1 37 -1 13 -1 37 -1 40 -1 40 -1 40 -1 40 -1 37 -1 37 -1 37 -1 37 -1 13 -1 37 -1 37 -1 -2
37 -1 10 -1 38 -1 13 -1 37 -1 37 -1 37 -1 38 -1 38 -1 37 -1 38 -1 10 -1 38 -1 39 -1 40 -1 39 -1 40 -1 13 -1 37 -1 37 -1 37 -1 37 -1 37 -1 37 -1 37 -1 37 -1 37 -1 37 -1 37 -1 37 -1 40 -1 37 -1 40 -1 37 -1 40 -1 39 -1 40 -1 42 -1 30 -1 30 -1 37 -1 37 -1 37 -1 4 -1 37 -1 37 -1 37 -1 13 -1 37 -1 37 -1 13 -1 37 -1 37 -1 13 -1 37 -1 37 -1 37 -1 37 -1 37 -1 37 -1 39 -1 40 -1 40 -1 39 -1 40 -1 13 -1 37 -1 37 -1 39 -1 40 -1 37 -1 39 -1 40 -1 37 -1 40 -1 37 -1 40 -1 40 -1 40 -1 40 -1 14 -1 37 -1 40 -1 39 -1 40 -1 41 -1 41 -1 13 -1 37 -1 13 -1 37 -1 38 -1 13 -1 37 -1 13 -1 37 -1 10 -1 38 -1 13 -1 37 -1 37 -1 40 -1 13 -1 37 -1 39 -1 40 -1 37 -1 37 -1 40 -1 37 -1 39 -1 40 -1 39 -1 40 -1 37 -1 37 -1 39 -1 40 -1 13 -1 37 -1 37 -1 37 -1 37 -1 37 -1 37 -1 37 -1 37 -1 37 -1 36 -1 37 -1 37 -1 37 -1 37 -1 37 -1 37 -1 37 -1 37 -1 37 -1 37 -1 37 -1 37 -1 37 -1 37 -1 37 -1 37 -1 37 -1 37 -1 37 -1 13 -1 37 -1 13 -1 37 -1 37 -1 37 -1 37 -1 37 -1 37 -1 37 -1 37 -1 37 -1 37 -1 37 -1 13 -1 37 -1 20 -1 37 -1 -2
37 -1 10 -1 13 -1 39 -1 37 -1 10 -1 38 -1 45 -1 54 -1 13 -1 37 -1 38 -1 13 -1 37 -1 37 -1 37 -1 37 -1 38 -1 13 -1 37 -1 10 -1 38 -1 10 -1 38 -1 38 -1 13 -1 37 -1 37 -1 37 -1 38 -1 13 -1 37 -1 38 -1 37 -1 13 -1 37 -1 13 -1 37 -1 37 -1 37 -1 37 -1 37 -1 38 -1 13 -1 37 -1 10 -1 38 -1 37 -1 13 -1 37 -1 37 -1 38 -1 10 -1 38 -1 13 -1 37 -1 37 -1 10 -1 38 -1 37 -1 38 -1 38 -1 37 -1 13 -1 37 -1 38 -1 38 -1 37 -1 38 -1 13 -1 37 -1 37 -1 40 -1 39 -1 40 -1 37 -1 37 -1 37 -1 37 -1 40 -1 20 -1 39 -1 40 -1 10 -1 38 -1 37 -1 13 -1 37 -1 10 -1 38 -1 13 -1 37 -1 37 -1 37 -1 37 -1 39 -1 40 -1 40 -1 13 -1 37 -1 37 -1 37 -1 40 -1 37 -1 39 -1 40 -1 37 -1 40 -1 37 -1 39 -1 40 -1 38 -1 45 -1 54 -1 38 -1 45 -1 54 -1 37 -1 14 -1 56 -1 15 -1 17 -1 35 -1 50 -1 -2
38 -1 38 -1 13 -1 37 -1 37 -1 39 -1 40 -1 13 -1 37 -1 37 -1 13 -1 37 -1 40 -1 37 -1 40 -1 37 -1 39 -1 40 -1 40 -1 37 -1 39 -1 40 -1 41 -1 41 -1 13 -1 37 -1 37 -1 10 -1 38 -1 13 -1 37 -1 10 -1 38 -1 38 -1 38 -1 13 -1 37 -1 38 -1 37 -1 37 -1 38 -1 37 -1 37 -1 37 -1 37 -1 37 -1 37 -1 37 -1 37 -1 10 -1 38 -1 13 -1 37 -1 45 -1 54 -1 38 -1 45 -1 54 -1 30 -1 47 -1 42 -1 30 -1 30 -1 30 -1 30 -1 42 -1 30 -1 42 -1 30 -1 47 -1 42 -1 30 -1 42 -1 30 -1 54 -1 30 -1 54 -1 54 -1 45 -1 54 -1 54 -1 13 -1 37 -1 37 -1 38 -1 37 -1 45 -1 54 -1 39 -1 40 -1 10 -1 38 -1 39 -1 40 -1 40 -1 13 -1 37 -1 40 -1 37 -1 37 -1 40 -1 40 -1 37 -1 40 -1 39 -1 40 -1 40 -1 40 -1 40 -1 39 -1 40 -1 40 -1 13 -1 37 -1 40 -1 13 -1 37 -1 40 -1 39 -1 40 -1 13 -1 37 -1 37 -1 38 -1 37 -1 38 -1 37 -1 38 -1 38 -1 13 -1 37 -1 40 -1 13 -1 37 -1 40 -1 10 -1 38 -1 13 -1 37 -1 38 -1 38 -1 13 -1 37 -1 45 -1 54 -1 13 -1 37 -1 10 -1 38 -1 37 -1 37 -1 37 -1 45 -1 54 -1 37 -1 37 -1 54 -1 54 -1 42 -1 30 -1 47 -1 70 -1 13 -1 37 -1 42 -1 30 -1 47 -1 37 -1 37 -1 13 -1 37 -1 37 -1 55 -1 13 -1 37 -1 -2
37 -1 37 -1 45 -1 54 -1 15 -1 17 -1 15 -1 17 -1 4 -1 2 -1 1 -1 2 -1 1 -1 2 -1 36 -1 2 -1 54 -1 10 -1 38 -1 45 -1 54 -1 13 -1 37 -1 10 -1 38 -1 37 -1 37 -1 37 -1 37 -1 37 -1 37 -1 37 -1 37 -1 8 -1 37 -1 37 -1 37 -1 37 -1 39 -1 40 -1 40 -1 40 -1 39 -1 40 -1 37 -1 37 -1 40 -1 37 -1 39 -1 40 -1 40 -1 40 -1 40 -1 37 -1 40 -1 37 -1 37 -1 40 -1 39 -1 40 -1 37 -1 37 -1 40 -1 39 -1 40 -1 38 -1 37 -1 37 -1 38 -1 40 -1 37 -1 39 -1 40 -1 40 -1 37 -1 40 -1 40 -1 40 -1 13 -1 37 -1 37 -1 40 -1 13 -1 37 -1 40 -1 40 -1 13 -1 37 -1 37 -1 40 -1 14 -1 40 -1 37 -1 20 -1 40 -1 13 -1 37 -1 41 -1 13 -1 37 -1 41 -1 13 -1 37 -1 37 -1 37 -1 37 -1 37 -1 37 -1 25 -1 37 -1 37 -1 37 -1 35 -1 37 -1 13 -1 37 -1 13 -1 37 -1 39 -1 40 -1 40 -1 13 -1 37 -1 37 -1 40 -1 39 -1 40 -1 40 -1 37 -1 40 -1 37 -1 39 -1 40 -1 37 -1 40 -1 39 -1 40 -1 40 -1 37 -1 37 -1 39 -1 40 -1 37 -1 40 -1 37 -1 39 -1 40 -1 13 -1 37 -1 37 -1 40 -1 37 -1 40 -1 39 -1 40 -1 13 -1 37 -1 37 -1 37 -1 37 -1 41 -1 10 -1 -2
40 -1 39 -1 40 -1 13 -1 37 -1 37 -1 37 -1 37 -1 37 -1 8 -1 37 -1 37 -1 37 -1 55 -1 10 -1 38 -1 38 -1 13 -1 37 -1 38 -1 13 -1 37 -1 38 -1 37 -1 37 -1 13 -1 37 -1 13 -1 37 -1 37 -1 37 -1 37 -1 37 -1 38 -1 38 -1 13 -1 37 -1 10 -1 39 -1 45 -1 54 -1 13 -1 37 -1 37 -1 54 -1 15 -1 17 -1 14 -1 56 -1 35 -1 50 -1 37 -1 -2
37 -1 39 -1 37 -1 13 -1 10 -1 38 -1 45 -1 54 -1 10 -1 38 -1 38 -1 37 -1 10 -1 38 -1 13 -1 37 -1 37 -1 37 -1 37 -1 44 -1 37 -1 12 -1 37 -1 37 -1 37 -1 13 -1 37 -1 37 -1 37 -1 32 -1 37 -1 37 -1 13 -1 37 -1 35 -1 37 -1 37 -1 39 -1 40 -1 37 -1 39 -1 40 -1 40 -1 37 -1 40 -1 40 -1 37 -1 40 -1 40 -1 37 -1 40 -1 38 -1 10 -1 38 -1 37 -1 38 -1 37 -1 38 -1 40 -1 40 -1 13 -1 37 -1 37 -1 40 -1 40 -1 40 -1 40 -1 37 -1 37 -1 39 -1 40 -1 40 -1 40 -1 39 -1 40 -1 41 -1 41 -1 13 -1 37 -1 55 -1 37 -1 -2
13 -1 37 -1 21 -1 37 -1 40 -1 40 -1 38 -1 20 -1 13 -1 37 -1 10 -1 38 -1 37 -1 37 -1 38 -1 37 -1 38 -1 37 -1 38 -1 13 -1 37 -1 45 -1 54 -1 13 -1 37 -1 10 -1 38 -1 45 -1 54 -1 15 -1 17 -1 14 -1 56 -1 13 -1 37 -1 35 -1 50 -1 56 -1 12 -1 46 -1 17 -1 37 -1 46 -1 50 -1 44 -1 48 -1 34 -1 23 -1 -2
17 -1 54 -1 37 -1 38 -1 37 -1 37 -1 54 -1 37 -1 38 -1 38 -1 38 -1 38 -1 38 -1 50 -1 38 -1 37 -1 37 -1 37 -1 38 -1 40 -1 37 -1 40 -1 37 -1 37 -1 40 -1 37 -1 40 -1 38 -1 -2
15 -1 17 -1 13 -1 10 -1 39 -1 10 -1 38 -1 45 -1 54 -1 13 -1 37 -1 13 -1 37 -1 38 -1 37 -1 15 -1 17 -1 37 -1 37 -1 37 -1 37 -1 13 -1 37 -1 13 -1 37 -1 55 -1 13 -1 37 -1 37 -1 37 -1 37 -1 8 -1 38 -1 37 -1 13 -1 37 -1 13 -1 37 -1 13 -1 37 -1 38 -1 39 -1 40 -1 37 -1 37 -1 39 -1 40 -1 13 -1 37 -1 39 -1 40 -1 39 -1 40 -1 40 -1 37 -1 17 -1 6 -1 40 -1 13 -1 37 -1 37 -1 38 -1 4 -1 38 -1 41 -1 7 -1 10 -1 38 -1 10 -1 38 -1 42 -1 13 -1 37 -1 37 -1 17 -1 41 -1 10 -1 38 -1 45 -1 54 -1 13 -1 37 -1 -2
38 -1 45 -1 54 -1 13 -1 37 -1 10 -1 38 -1 37 -1 37 -1 4 -1 37 -1 37 -1 37 -1 37 -1 37 -1 38 -1 13 -1 37 -1 38 -1 38 -1 10 -1 38 -1 37 -1 37 -1 37 -1 14 -1 13 -1 37 -1 40 -1 40 -1 13 -1 37 -1 37 -1 13 -1 37 -1 37 -1 37 -1 37 -1 41 -1 10 -1 38 -1 10 -1 38 -1 41 -1 40 -1 40 -1 37 -1 37 -1 13 -1 37 -1 13 -1 37 -1 37 -1 37 -1 40 -1 37 -1 40 -1 37 -1 37 -1 37 -1 13 -1 37 -1 39 -1 40 -1 37 -1 40 -1 37 -1 40 -1 37 -1 39 -1 40 -1 10 -1 38 -1 37 -1 37 -1 38 -1 13 -1 37 -1 37 -1 41 -1 10 -1 38 -1 10 -1 38 -1 38 -1 38 -1 38 -1 38 -1 10 -1 38 -1 41 -1 10 -1 38 -1 40 -1 40 -1 37 -1 37 -1 39 -1 40 -1 13 -1 37 -1 8 -1 40 -1 55 -1 40 -1 37 -1 37 -1 40 -1 37 -1 37 -1 37 -1 40 -1 40 -1 37 -1 37 -1 40 -1 40 -1 13 -1 37 -1 37 -1 37 -1 37 -1 13 -1 37 -1 13 -1 37 -1 13 -1 37 -1 13 -1 37 -1 13 -1 37 -1 13 -1 37 -1 37 -1 13 -1 37 -1 37 -1 36 -1 37 -1 13 -1 37 -1 37 -1 13 -1 37 -1 37 -1 13 -1 37 -1 37 -1 37 -1 13 -1 37 -1 13 -1 37 -1 37 -1 13 -1 37 -1 13 -1 37 -1 13 -1 37 -1 20 -1 42 -1 13 -1 37 -1 13 -1 37 -1 13 -1 37 -1 37 -1 13 -1 37 -1 13 -1 37 -1 13 -1 37 -1 13 -1 37 -1 21 -1 37 -1 13 -1 37 -1 34 -1 27 -1 12 -1 44 -1 15 -1 45 -1 35 -1 37 -1 37 -1 37 -1 37 -1 37 -1 37 -1 4 -1 37 -1 37 -1 37 -1 37 -1 37 -1 38 -1 37 -1 37 -1 38 -1 41 -1 10 -1 38 -1 10 -1 38 -1 41 -1 13 -1 37 -1 13 -1 37 -1 37 -1 37 -1 10 -1 38 -1 37 -1 38 -1 37 -1 37 -1 37 -1 37 -1 37 -1 10 -1 38 -1 45 -1 54 -1 13 -1 -2
13 -1 37 -1 38 -1 39 -1 40 -1 40 -1 13 -1 37 -1 37 -1 36 -1 37 -1 37 -1 37 -1 37 -1 37 -1 37 -1 37 -1 37 -1 13 -1 37 -1 37 -1 13 -1 37 -1 13 -1 37 -1 37 -1 13 -1 37 -1 37 -1 37 -1 39 -1 40 -1 40 -1 37 -1 40 -1 37 -1 40 -1 40 -1 37 -1 40 -1 37 -1 40 -1 40 -1 37 -1 37 -1 40 -1 40 -1 40 -1 37 -1 40 -1 37 -1 40 -1 37 -1 37 -1 40 -1 40 -1 40 -1 37 -1 40 -1 37 -1 14 -1 37 -1 37 -1 40 -1 37 -1 40 -1 40 -1 37 -1 40 -1 40 -1 37 -1 37 -1 40 -1 40 -1 37 -1 37 -1 40 -1 39 -1 40 -1 37 -1 37 -1 40 -1 40 -1 37 -1 40 -1 13 -1 37 -1 40 -1 13 -1 37 -1 39 -1 40 -1 13 -1 37 -1 -2
38 -1 38 -1 13 -1 37 -1 13 -1 37 -1 37 -1 37 -1 10 -1 38 -1 38 -1 38 -1 38 -1 38 -1 38 -1 13 -1 37 -1 37 -1 38 -1 38 -1 37 -1 37 -1 38 -1 38 -1 13 -1 37 -1 37 -1 37 -1 38 -1 37 -1 10 -1 38 -1 41 -1 36 -1 13 -1 37 -1 37 -1 37 -1 37 -1 13 -1 37 -1 37 -1 13 -1 37 -1 37 -1 37 -1 37 -1 37 -1 37 -1 37 -1 37 -1 37 -1 37 -1 37 -1 -2
37 -1 20 -1 37 -1 37 -1 37 -1 37 -1 37 -1 37 -1 37 -1 37 -1 37 -1 37 -1 9 -1 41 -1 10 -1 38 -1 10 -1 38 -1 13 -1 37 -1 37 -1 37 -1 37 -1 41 -1 13 -1 37 -1 37 -1 40 -1 40 -1 40 -1 40 -1 13 -1 37 -1 40 -1 37 -1 40 -1 13 -1 37 -1 37 -1 37 -1 37 -1 37 -1 37 -1 37 -1 37 -1 37 -1 37 -1 37 -1 37 -1 37 -1 37 -1 37 -1 37 -1 40 -1 40 -1 37 -1 37 -1 13 -1 37 -1 13 -1 37 -1 40 -1 40 -1 40 -1 40 -1 40 -1 40 -1 39 -1 40 -1 39 -1 40 -1 37 -1 37 -1 13 -1 37 -1 37 -1 37 -1 13 -1 37 -1 13 -1 37 -1 37 -1 13 -1 37 -1 37 -1 37 -1 37 -1 37 -1 37 -1 37 -1 37 -1 37 -1 37 -1 13 -1 37 -1 37 -1 40 -1 39 -1 40 -1 40 -1 40 -1 13 -1 37 -1 37 -1 40 -1 40 -1 40 -1 40 -1 13 -1 37 -1 37 -1 37 -1 37 -1 37 -1 37 -1 37 -1 37 -1 37 -1 37 -1 37 -1 37 -1 37 -1 37 -1 37 -1 37 -1 40 -1 40 -1 13 -1 37 -1 37 -1 40 -1 40 -1 40 -1 34 -1 27 -1 12 -1 11 -1 44 -1 40 -1 41 -1 43 -1 38 -1 10 -1 38 -1 41 -1 14 -1 35 -1 13 -1 37 -1 37 -1 37 -1 37 -1 6 -1 41 -1 38 -1 10 -1 38 -1 41 -1 40 -1 40 -1 13 -1 37 -1 37 -1 40 -1 7 -1 40 -1 40 -1 40 -1 37 -1 4 -1 37 -1 15 -1 37 -1 37 -1 40 -1 45 -1 40 -1 37 -1 40 -1 37 -1 40 -1 37 -1 37 -1 40 -1 40 -1 40 -1 40 -1 37 -1 37 -1 40 -1 39 -1 40 -1 13 -1 37 -1 37 -1 37 -1 37 -1 40 -1 40 -1 37 -1 -2
37 -1 37 -1 37 -1 37 -1 37 -1 37 -1 37 -1 37 -1 37 -1 37 -1 37 -1 37 -1 37 -1 37 -1 52 -1 37 -1 37 -1 32 -1 37 -1 13 -1 37 -1 37 -1 37 -1 37 -1 13 -1 37 -1 13 -1 37 -1 13 -1 37 -1 37 -1 37 -1 37 -1 37 -1 33 -1 13 -1 37 -1 13 -1 37 -1 37 -1 13 -1 37 -1 37 -1 37 -1 37 -1 37 -1 37 -1 37 -1 13 -1 37 -1 37 -1 37 -1 13 -1 37 -1 37 -1 37 -1 37 -1 13 -1 37 -1 37 -1 37 -1 37 -1 37 -1 13 -1 37 -1 13 -1 37 -1 13 -1 37 -1 37 -1 13 -1 37 -1 37 -1 37 -1 37 -1 37 -1 37 -1 13 -1 37 -1 37 -1 37 -1 37 -1 3 -1 21 -1 37 -1 34 -1 27 -1 12 -1 44 -1 37 -1 13 -1 4 -1 38 -1 38 -1 38 -1 38 -1 38 -1 38 -1 25 -1 20 -1 36 -1 13 -1 42 -1 13 -1 38 -1 10 -1 38 -1 38 -1 14 -1 10 -1 38 -1 37 -1 35 -1 11 -1 9 -1 13 -1 37 -1 -2
37 -1 38 -1 38 -1 13 -1 13 -1 37 -1 13 -1 37 -1 3 -1 21 -1 7 -1 13 -1 4 -1 13 -1 37 -1 8 -1 41 -1 10 -1 38 -1 10 -1 38 -1 38 -1 38 -1 10 -1 38 -1 10 -1 38 -1 38 -1 10 -1 38 -1 41 -1 20 -1 36 -1 13 -1 37 -1 42 -1 13 -1 37 -1 41 -1 10 -1 38 -1 10 -1 38 -1 10 -1 38 -1 38 -1 38 -1 38 -1 39 -1 38 -1 38 -1 13 -1 37 -1 38 -1 38 -1 10 -1 38 -1 10 -1 38 -1 41 -1 37 -1 -2
38 -1 10 -1 38 -1 10 -1 38 -1 38 -1 13 -1 37 -1 13 -1 37 -1 37 -1 13 -1 37 -1 10 -1 38 -1 13 -1 37 -1 10 -1 38 -1 13 -1 37 -1 10 -1 38 -1 10 -1 38 -1 13 -1 37 -1 38 -1 10 -1 38 -1 38 -1 10 -1 38 -1 10 -1 38 -1 10 -1 38 -1 38 -1 10 -1 38 -1 38 -1 13 -1 37 -1 10 -1 38 -1 38 -1 10 -1 38 -1 42 -1 38 -1 38 -1 38 -1 38 -1 37 -1 10 -1 38 -1 41 -1 10 -1 38 -1 38 -1 10 -1 38 -1 38 -1 10 -1 38 -1 37 -1 41 -1 10 -1 38 -1 10 -1 38 -1 38 -1 10 -1 38 -1 10 -1 38 -1 38 -1 10 -1 38 -1 38 -1 38 -1 38 -1 38 -1 41 -1 10 -1 38 -1 37 -1 37 -1 41 -1 10 -1 38 -1 10 -1 38 -1 55 -1 38 -1 38 -1 10 -1 38 -1 10 -1 38 -1 10 -1 38 -1 41 -1 10 -1 38 -1 40 -1 40 -1 40 -1 8 -1 40 -1 13 -1 37 -1 40 -1 40 -1 13 -1 13 -1 13 -1 7 -1 20 -1 33 -1 41 -1 10 -1 38 -1 10 -1 38 -1 25 -1 10 -1 38 -1 38 -1 38 -1 38 -1 13 -1 38 -1 10 -1 38 -1 41 -1 41 -1 38 -1 41 -1 10 -1 38 -1 38 -1 10 -1 38 -1 10 -1 38 -1 38 -1 40 -1 39 -1 40 -1 40 -1 40 -1 40 -1 40 -1 21 -1 3 -1 13 -1 52 -1 39 -1 40 -1 39 -1 40 -1 40 -1 40 -1 13 -1 37 -1 13 -1 34 -1 35 -1 12 -1 14 -1 11 -1 44 -1 38 -1 15 -1 38 -1 45 -1 37 -1 37 -1 41 -1 10 -1 38 -1 10 -1 38 -1 38 -1 10 -1 38 -1 41 -1 13 -1 37 -1 40 -1 40 -1 40 -1 13 -1 39 -1 40 -1 39 -1 40 -1 40 -1 39 -1 40 -1 40 -1 37 -1 37 -1 39 -1 40 -1 40 -1 40 -1 37 -1 40 -1 37 -1 8 -1 30 -1 30 -1 37 -1 20 -1 33 -1 25 -1 13 -1 40 -1 40 -1 43 -1 40 -1 40 -1 40 -1 40 -1 13 -1 34 -1 27 -1 12 -1 15 -1 40 -1 40 -1 41 -1 43 -1 10 -1 38 -1 10 -1 38 -1 38 -1 41 -1 10 -1 38 -1 38 -1 10 -1 38 -1 38 -1 38 -1 9 -1 13 -1 37 -1 13 -1 55 -1 36 -1 8 -1 13 -1 37 -1 41 -1 32 -1 10 -1 38 -1 10 -1 38 -1 41 -1 38 -1 10 -1 38 -1 39 -1 40 -1 39 -1 40 -1 39 -1 40 -1 40 -1 4 -1 40 -1 33 -1 40 -1 40 -1 40 -1 25 -1 40 -1 40 -1 38 -1 38 -1 21 -1 3 -1 38 -1 38 -1 38 -1 38 -1 38 -1 38 -1 38 -1 38 -1 38 -1 38 -1 38 -1 38 -1 34 -1 27 -1 35 -1 14 -1 11 -1 44 -1 45 -1 37 -1 40 -1 40 -1 40 -1 40 -1 40 -1 40 -1 40 -1 40 -1 40 -1 13 -1 40 -1 40 -1 40 -1 40 -1 40 -1 41 -1 32 -1 41 -1 38 -1 38 -1 41 -1 41 -1 -2
37 -1 10 -1 37 -1 39 -1 13 -1 10 -1 38 -1 45 -1 54 -1 13 -1 37 -1 38 -1 13 -1 37 -1 37 -1 13 -1 37 -1 37 -1 39 -1 40 -1 42 -1 30 -1 39 -1 40 -1 30 -1 40 -1 39 -1 40 -1 37 -1 37 -1 37 -1 37 -1 57 -1 38 -1 37 -1 37 -1 10 -1 38 -1 38 -1 38 -1 37 -1 37 -1 38 -1 37 -1 37 -1 57 -1 10 -1 38 -1 37 -1 37 -1 13 -1 37 -1 37 -1 37 -1 37 -1 37 -1 37 -1 37 -1 37 -1 37 -1 37 -1 37 -1 37 -1 37 -1 13 -1 37 -1 13 -1 37 -1 13 -1 37 -1 37 -1 13 -1 37 -1 37 -1 37 -1 39 -1 40 -1 39 -1 40 -1 13 -1 37 -1 40 -1 40 -1 40 -1 40 -1 40 -1 37 -1 40 -1 37 -1 40 -1 37 -1 37 -1 37 -1 41 -1 32 -1 39 -1 40 -1 10 -1 38 -1 10 -1 38 -1 41 -1 13 -1 37 -1 37 -1 10 -1 38 -1 13 -1 37 -1 13 -1 37 -1 38 -1 13 -1 37 -1 14 -1 20 -1 37 -1 41 -1 10 -1 38 -1 10 -1 38 -1 38 -1 10 -1 38 -1 37 -1 38 -1 41 -1 10 -1 38 -1 41 -1 41 -1 55 -1 25 -1 33 -1 30 -1 30 -1 37 -1 37 -1 13 -1 37 -1 13 -1 37 -1 37 -1 37 -1 41 -1 41 -1 40 -1 40 -1 40 -1 40 -1 41 -1 10 -1 38 -1 38 -1 38 -1 38 -1 10 -1 38 -1 10 -1 38 -1 41 -1 43 -1 41 -1 37 -1 41 -1 32 -1 36 -1 10 -1 38 -1 45 -1 54 -1 54 -1 38 -1 38 -1 10 -1 38 -1 38 -1 37 -1 38 -1 41 -1 38 -1 10 -1 38 -1 41 -1 43 -1 40 -1 39 -1 40 -1 40 -1 39 -1 40 -1 39 -1 40 -1 39 -1 40 -1 40 -1 40 -1 40 -1 39 -1 40 -1 39 -1 40 -1 39 -1 40 -1 3 -1 35 -1 12 -1 44 -1 15 -1 10 -1 38 -1 37 -1 38 -1 37 -1 13 -1 37 -1 13 -1 37 -1 14 -1 55 -1 13 -1 37 -1 39 -1 40 -1 40 -1 13 -1 13 -1 41 -1 32 -1 43 -1 10 -1 38 -1 10 -1 38 -1 41 -1 -2
38 -1 54 -1 37 -1 38 -1 54 -1 54 -1 38 -1 37 -1 54 -1 37 -1 37 -1 38 -1 38 -1 54 -1 38 -1 54 -1 54 -1 37 -1 54 -1 54 -1 54 -1 38 -1 37 -1 37 -1 38 -1 38 -1 37 -1 37 -1 38 -1 38 -1 37 -1 37 -1 37 -1 37 -1 37 -1 54 -1 38 -1 54 -1 54 -1 54 -1 54 -1 37 -1 39 -1 10 -1 38 -1 45 -1 54 -1 38 -1 37 -1 37 -1 37 -1 41 -1 20 -1 10 -1 38 -1 10 -1 38 -1 10 -1 38 -1 38 -1 38 -1 10 -1 38 -1 38 -1 10 -1 38 -1 37 -1 38 -1 10 -1 38 -1 41 -1 57 -1 10 -1 38 -1 10 -1 38 -1 38 -1 57 -1 10 -1 38 -1 13 -1 41 -1 41 -1 39 -1 40 -1 39 -1 40 -1 37 -1 13 -1 37 -1 37 -1 13 -1 37 -1 13 -1 37 -1 13 -1 37 -1 36 -1 44 -1 13 -1 40 -1 40 -1 40 -1 40 -1 57 -1 38 -1 57 -1 38 -1 13 -1 37 -1 41 -1 10 -1 38 -1 10 -1 38 -1 38 -1 41 -1 10 -1 38 -1 -2
37 -1 13 -1 37 -1 13 -1 13 -1 13 -1 10 -1 38 -1 38 -1 10 -1 38 -1 37 -1 35 -1 37 -1 12 -1 15 -1 13 -1 37 -1 38 -1 38 -1 13 -1 13 -1 37 -1 37 -1 37 -1 37 -1 13 -1 37 -1 13 -1 37 -1 13 -1 37 -1 13 -1 37 -1 13 -1 10 -1 38 -1 13 -1 37 -1 54 -1 54 -1 10 -1 38 -1 13 -1 37 -1 38 -1 10 -1 38 -1 13 -1 37 -1 13 -1 37 -1 13 -1 37 -1 13 -1 37 -1 38 -1 10 -1 38 -1 13 -1 37 -1 37 -1 4 -1 7 -1 13 -1 37 -1 37 -1 37 -1 37 -1 37 -1 37 -1 37 -1 37 -1 37 -1 37 -1 37 -1 37 -1 37 -1 37 -1 37 -1 37 -1 37 -1 37 -1 13 -1 37 -1 37 -1 37 -1 13 -1 37 -1 37 -1 13 -1 37 -1 13 -1 37 -1 13 -1 37 -1 37 -1 20 -1 37 -1 13 -1 37 -1 37 -1 37 -1 37 -1 37 -1 37 -1 13 -1 37 -1 37 -1 37 -1 37 -1 37 -1 37 -1 39 -1 40 -1 40 -1 40 -1 40 -1 13 -1 37 -1 40 -1 37 -1 40 -1 37 -1 37 -1 37 -1 37 -1 37 -1 37 -1 37 -1 37 -1 37 -1 37 -1 37 -1 37 -1 37 -1 36 -1 10 -1 38 -1 10 -1 38 -1 43 -1 44 -1 38 -1 38 -1 10 -1 38 -1 38 -1 38 -1 38 -1 38 -1 10 -1 38 -1 38 -1 10 -1 38 -1 38 -1 10 -1 38 -1 37 -1 40 -1 40 -1 38 -1 10 -1 38 -1 10 -1 38 -1 10 -1 38 -1 38 -1 37 -1 38 -1 15 -1 17 -1 15 -1 17 -1 45 -1 54 -1 38 -1 45 -1 54 -1 41 -1 32 -1 10 -1 38 -1 41 -1 37 -1 37 -1 42 -1 40 -1 40 -1 40 -1 40 -1 40 -1 40 -1 39 -1 40 -1 39 -1 40 -1 10 -1 38 -1 10 -1 38 -1 40 -1 40 -1 40 -1 40 -1 40 -1 40 -1 40 -1 13 -1 40 -1 40 -1 40 -1 40 -1 40 -1 40 -1 40 -1 40 -1 39 -1 40 -1 13 -1 30 -1 30 -1 39 -1 40 -1 40 -1 40 -1 13 -1 37 -1 40 -1 41 -1 43 -1 10 -1 38 -1 10 -1 38 -1 41 -1 13 -1 37 -1 10 -1 38 -1 10 -1 38 -1 38 -1 13 -1 10 -1 38 -1 36 -1 32 -1 43 -1 37 -1 13 -1 37 -1 15 -1 45 -1 13 -1 37 -1 37 -1 35 -1 12 -1 37 -1 13 -1 13 -1 37 -1 37 -1 40 -1 40 -1 4 -1 7 -1 40 -1 39 -1 40 -1 40 -1 40 -1 40 -1 40 -1 40 -1 40 -1 40 -1 40 -1 40 -1 40 -1 40 -1 40 -1 40 -1 39 -1 40 -1 40 -1 40 -1 37 -1 20 -1 37 -1 25 -1 37 -1 41 -1 32 -1 41 -1 37 -1 8 -1 37 -1 10 -1 38 -1 38 -1 38 -1 38 -1 40 -1 40 -1 40 -1 40 -1 37 -1 39 -1 40 -1 39 -1 40 -1 40 -1 40 -1 40 -1 40 -1 40 -1 39 -1 40 -1 39 -1 40 -1 40 -1 40 -1 40 -1 40 -1 40 -1 40 -1 40 -1 36 -1 40 -1 40 -1 21 -1 40 -1 40 -1 10 -1 38 -1 38 -1 44 -1 40 -1 40 -1 40 -1 40 -1 40 -1 40 -1 13 -1 37 -1 40 -1 40 -1 -2
37 -1 10 -1 38 -1 13 -1 37 -1 37 -1 13 -1 37 -1 6 -1 37 -1 13 -1 37 -1 4 -1 7 -1 13 -1 37 -1 37 -1 37 -1 37 -1 13 -1 37 -1 37 -1 37 -1 37 -1 37 -1 13 -1 37 -1 37 -1 37 -1 37 -1 40 -1 13 -1 37 -1 37 -1 13 -1 37 -1 37 -1 39 -1 40 -1 13 -1 37 -1 37 -1 13 -1 37 -1 37 -1 13 -1 37 -1 37 -1 37 -1 37 -1 37 -1 37 -1 37 -1 37 -1 37 -1 13 -1 37 -1 37 -1 13 -1 37 -1 13 -1 37 -1 13 -1 37 -1 13 -1 37 -1 37 -1 37 -1 37 -1 37 -1 37 -1 37 -1 35 -1 13 -1 37 -1 37 -1 37 -1 37 -1 37 -1 37 -1 20 -1 37 -1 37 -1 14 -1 37 -1 61 -1 16 -1 37 -1 8 -1 52 -1 37 -1 37 -1 37 -1 10 -1 38 -1 38 -1 42 -1 25 -1 33 -1 39 -1 40 -1 3 -1 40 -1 27 -1 11 -1 44 -1 34 -1 12 -1 15 -1 45 -1 6 -1 40 -1 40 -1 7 -1 4 -1 57 -1 10 -1 38 -1 38 -1 38 -1 57 -1 38 -1 37 -1 37 -1 40 -1 40 -1 40 -1 40 -1 41 -1 43 -1 41 -1 57 -1 38 -1 57 -1 38 -1 40 -1 40 -1 37 -1 13 -1 13 -1 37 -1 40 -1 40 -1 -2
38 -1 10 -1 38 -1 38 -1 10 -1 38 -1 38 -1 38 -1 13 -1 37 -1 37 -1 37 -1 38 -1 37 -1 38 -1 37 -1 37 -1 37 -1 37 -1 20 -1 37 -1 13 -1 37 -1 37 -1 37 -1 10 -1 38 -1 41 -1 10 -1 38 -1 13 -1 37 -1 37 -1 38 -1 37 -1 37 -1 38 -1 37 -1 37 -1 37 -1 37 -1 37 -1 37 -1 37 -1 37 -1 37 -1 37 -1 37 -1 37 -1 37 -1 37 -1 37 -1 37 -1 37 -1 37 -1 41 -1 13 -1 37 -1 37 -1 37 -1 37 -1 10 -1 38 -1 10 -1 38 -1 41 -1 37 -1 40 -1 39 -1 40 -1 40 -1 40 -1 39 -1 40 -1 8 -1 40 -1 40 -1 40 -1 37 -1 10 -1 38 -1 10 -1 38 -1 38 -1 38 -1 52 -1 37 -1 37 -1 40 -1 36 -1 39 -1 40 -1 40 -1 40 -1 13 -1 37 -1 40 -1 40 -1 40 -1 39 -1 40 -1 39 -1 40 -1 40 -1 39 -1 40 -1 39 -1 40 -1 40 -1 40 -1 40 -1 39 -1 40 -1 40 -1 40 -1 33 -1 21 -1 13 -1 37 -1 42 -1 25 -1 39 -1 40 -1 40 -1 40 -1 39 -1 40 -1 37 -1 13 -1 13 -1 37 -1 40 -1 39 -1 40 -1 39 -1 40 -1 40 -1 39 -1 40 -1 40 -1 37 -1 40 -1 39 -1 40 -1 40 -1 39 -1 40 -1 40 -1 40 -1 39 -1 40 -1 40 -1 13 -1 37 -1 11 -1 44 -1 3 -1 34 -1 27 -1 35 -1 12 -1 14 -1 15 -1 45 -1 10 -1 38 -1 10 -1 38 -1 13 -1 40 -1 40 -1 20 -1 39 -1 40 -1 39 -1 40 -1 41 -1 43 -1 41 -1 41 -1 10 -1 38 -1 10 -1 38 -1 13 -1 37 -1 41 -1 8 -1 36 -1 10 -1 38 -1 10 -1 38 -1 38 -1 10 -1 38 -1 13 -1 38 -1 10 -1 38 -1 33 -1 21 -1 38 -1 38 -1 42 -1 40 -1 40 -1 25 -1 40 -1 40 -1 40 -1 40 -1 40 -1 40 -1 40 -1 39 -1 40 -1 39 -1 40 -1 40 -1 38 -1 10 -1 38 -1 40 -1 39 -1 40 -1 13 -1 13 -1 37 -1 13 -1 37 -1 13 -1 37 -1 37 -1 37 -1 37 -1 13 -1 7 -1 13 -1 37 -1 13 -1 37 -1 13 -1 37 -1 13 -1 37 -1 37 -1 37 -1 13 -1 13 -1 37 -1 13 -1 37 -1 37 -1 37 -1 37 -1 39 -1 40 -1 39 -1 40 -1 40 -1 39 -1 40 -1 41 -1 10 -1 38 -1 10 -1 38 -1 13 -1 37 -1 38 -1 37 -1 10 -1 38 -1 38 -1 10 -1 38 -1 41 -1 13 -1 37 -1 37 -1 13 -1 37 -1 37 -1 41 -1 41 -1 10 -1 38 -1 10 -1 38 -1 57 -1 38 -1 57 -1 10 -1 38 -1 10 -1 38 -1 13 -1 37 -1 37 -1 10 -1 38 -1 40 -1 37 -1 39 -1 40 -1 40 -1 40 -1 37 -1 37 -1 37 -1 40 -1 37 -1 37 -1 37 -1 37 -1 39 -1 40 -1 11 -1 37 -1 13 -1 37 -1 34 -1 27 -1 35 -1 37 -1 37 -1 37 -1 14 -1 37 -1 15 -1 37 -1 37 -1 37 -1 37 -1 37 -1 37 -1 57 -1 10 -1 38 -1 57 -1 10 -1 38 -1 37 -1 -2
37 -1 13 -1 37 -1 38 -1 37 -1 11 -1 44 -1 21 -1 40 -1 3 -1 39 -1 40 -1 34 -1 27 -1 13 -1 37 -1 40 -1 40 -1 40 -1 40 -1 41 -1 10 -1 38 -1 10 -1 38 -1 38 -1 38 -1 38 -1 38 -1 38 -1 10 -1 38 -1 10 -1 38 -1 10 -1 38 -1 37 -1 38 -1 10 -1 38 -1 13 -1 37 -1 10 -1 38 -1 10 -1 38 -1 41 -1 32 -1 38 -1 38 -1 8 -1 37 -1 13 -1 37 -1 13 -1 37 -1 13 -1 13 -1 37 -1 39 -1 40 -1 39 -1 40 -1 41 -1 41 -1 40 -1 39 -1 40 -1 40 -1 40 -1 34 -1 25 -1 40 -1 40 -1 40 -1 42 -1 33 -1 40 -1 13 -1 40 -1 40 -1 40 -1 39 -1 40 -1 39 -1 40 -1 39 -1 40 -1 -2
40 -1 39 -1 40 -1 40 -1 40 -1 40 -1 40 -1 37 -1 40 -1 40 -1 40 -1 40 -1 37 -1 41 -1 43 -1 41 -1 39 -1 40 -1 39 -1 40 -1 40 -1 39 -1 40 -1 10 -1 38 -1 10 -1 38 -1 37 -1 37 -1 37 -1 11 -1 21 -1 3 -1 27 -1 13 -1 38 -1 10 -1 38 -1 10 -1 38 -1 10 -1 38 -1 10 -1 38 -1 38 -1 38 -1 38 -1 38 -1 38 -1 13 -1 37 -1 8 -1 37 -1 37 -1 37 -1 61 -1 10 -1 38 -1 10 -1 38 -1 10 -1 38 -1 34 -1 10 -1 38 -1 38 -1 38 -1 38 -1 38 -1 38 -1 38 -1 25 -1 10 -1 38 -1 10 -1 38 -1 38 -1 38 -1 33 -1 37 -1 40 -1 40 -1 37 -1 40 -1 40 -1 45 -1 40 -1 39 -1 40 -1 37 -1 40 -1 40 -1 40 -1 40 -1 40 -1 39 -1 40 -1 37 -1 7 -1 40 -1 39 -1 40 -1 40 -1 40 -1 40 -1 40 -1 40 -1 40 -1 40 -1 40 -1 40 -1 40 -1 40 -1 40 -1 40 -1 39 -1 40 -1 41 -1 41 -1 37 -1 13 -1 37 -1 13 -1 41 -1 10 -1 38 -1 10 -1 38 -1 41 -1 11 -1 27 -1 37 -1 41 -1 41 -1 40 -1 40 -1 38 -1 10 -1 38 -1 38 -1 10 -1 38 -1 37 -1 13 -1 13 -1 37 -1 41 -1 37 -1 10 -1 38 -1 41 -1 10 -1 38 -1 57 -1 38 -1 38 -1 38 -1 57 -1 38 -1 40 -1 39 -1 40 -1 13 -1 37 -1 40 -1 40 -1 40 -1 40 -1 40 -1 40 -1 40 -1 37 -1 39 -1 40 -1 40 -1 40 -1 13 -1 37 -1 57 -1 38 -1 57 -1 10 -1 38 -1 -2
38 -1 37 -1 37 -1 37 -1 38 -1 13 -1 37 -1 37 -1 37 -1 37 -1 37 -1 52 -1 37 -1 38 -1 38 -1 37 -1 38 -1 13 -1 37 -1 38 -1 37 -1 38 -1 37 -1 38 -1 40 -1 40 -1 40 -1 40 -1 37 -1 37 -1 13 -1 37 -1 13 -1 37 -1 8 -1 13 -1 37 -1 40 -1 40 -1 13 -1 37 -1 37 -1 37 -1 37 -1 37 -1 37 -1 37 -1 37 -1 37 -1 37 -1 37 -1 13 -1 37 -1 38 -1 37 -1 38 -1 13 -1 37 -1 10 -1 38 -1 37 -1 10 -1 38 -1 38 -1 38 -1 13 -1 37 -1 13 -1 37 -1 13 -1 37 -1 37 -1 37 -1 37 -1 13 -1 37 -1 13 -1 37 -1 13 -1 37 -1 37 -1 13 -1 37 -1 37 -1 37 -1 37 -1 37 -1 37 -1 37 -1 37 -1 37 -1 37 -1 39 -1 40 -1 39 -1 40 -1 37 -1 13 -1 37 -1 13 -1 37 -1 39 -1 40 -1 13 -1 37 -1 40 -1 40 -1 37 -1 37 -1 37 -1 40 -1 40 -1 37 -1 40 -1 40 -1 39 -1 40 -1 41 -1 41 -1 38 -1 37 -1 37 -1 37 -1 10 -1 38 -1 38 -1 38 -1 38 -1 37 -1 37 -1 37 -1 10 -1 38 -1 13 -1 37 -1 37 -1 37 -1 42 -1 39 -1 40 -1 40 -1 20 -1 40 -1 37 -1 40 -1 40 -1 37 -1 39 -1 40 -1 7 -1 37 -1 37 -1 -2
37 -1 37 -1 37 -1 42 -1 37 -1 37 -1 13 -1 37 -1 37 -1 39 -1 40 -1 40 -1 37 -1 37 -1 37 -1 37 -1 37 -1 13 -1 37 -1 13 -1 37 -1 13 -1 37 -1 41 -1 10 -1 38 -1 10 -1 38 -1 38 -1 13 -1 37 -1 10 -1 38 -1 37 -1 37 -1 37 -1 37 -1 37 -1 13 -1 37 -1 37 -1 10 -1 38 -1 10 -1 38 -1 38 -1 38 -1 37 -1 37 -1 37 -1 37 -1 37 -1 37 -1 38 -1 38 -1 37 -1 37 -1 37 -1 37 -1 37 -1 37 -1 10 -1 38 -1 38 -1 38 -1 10 -1 38 -1 41 -1 13 -1 37 -1 37 -1 37 -1 37 -1 37 -1 37 -1 37 -1 37 -1 37 -1 37 -1 37 -1 37 -1 37 -1 13 -1 37 -1 25 -1 13 -1 37 -1 37 -1 37 -1 37 -1 33 -1 40 -1 39 -1 40 -1 37 -1 37 -1 10 -1 38 -1 38 -1 37 -1 13 -1 37 -1 38 -1 38 -1 13 -1 37 -1 37 -1 37 -1 37 -1 37 -1 37 -1 37 -1 37 -1 37 -1 37 -1 37 -1 37 -1 37 -1 37 -1 37 -1 37 -1 37 -1 37 -1 37 -1 37 -1 39 -1 40 -1 40 -1 40 -1 40 -1 40 -1 39 -1 40 -1 39 -1 40 -1 40 -1 37 -1 37 -1 37 -1 37 -1 37 -1 37 -1 37 -1 11 -1 37 -1 44 -1 37 -1 34 -1 27 -1 4 -1 37 -1 41 -1 10 -1 38 -1 10 -1 38 -1 10 -1 38 -1 41 -1 10 -1 38 -1 21 -1 36 -1 40 -1 40 -1 37 -1 37 -1 35 -1 12 -1 15 -1 20 -1 14 -1 45 -1 37 -1 37 -1 38 -1 10 -1 38 -1 40 -1 39 -1 40 -1 37 -1 10 -1 38 -1 38 -1 37 -1 37 -1 39 -1 40 -1 40 -1 40 -1 40 -1 25 -1 3 -1 33 -1 37 -1 41 -1 43 -1 10 -1 38 -1 10 -1 38 -1 38 -1 10 -1 38 -1 41 -1 37 -1 37 -1 13 -1 37 -1 13 -1 37 -1 8 -1 37 -1 37 -1 13 -1 34 -1 27 -1 13 -1 36 -1 37 -1 35 -1 37 -1 20 -1 14 -1 10 -1 38 -1 10 -1 38 -1 38 -1 10 -1 38 -1 38 -1 38 -1 38 -1 38 -1 38 -1 38 -1 38 -1 10 -1 38 -1 37 -1 13 -1 37 -1 13 -1 37 -1 38 -1 37 -1 38 -1 38 -1 10 -1 38 -1 38 -1 10 -1 38 -1 38 -1 38 -1 38 -1 10 -1 38 -1 39 -1 25 -1 41 -1 32 -1 3 -1 33 -1 41 -1 40 -1 40 -1 40 -1 37 -1 40 -1 40 -1 40 -1 40 -1 40 -1 40 -1 40 -1 40 -1 40 -1 40 -1 40 -1 38 -1 10 -1 38 -1 38 -1 10 -1 38 -1 32 -1 38 -1 10 -1 38 -1 38 -1 10 -1 38 -1 40 -1 40 -1 37 -1 37 -1 8 -1 38 -1 38 -1 10 -1 38 -1 38 -1 38 -1 38 -1 38 -1 38 -1 37 -1 40 -1 40 -1 39 -1 40 -1 39 -1 40 -1 13 -1 11 -1 44 -1 7 -1 34 -1 27 -1 4 -1 13 -1 37 -1 13 -1 10 -1 38 -1 21 -1 10 -1 38 -1 38 -1 10 -1 38 -1 36 -1 39 -1 40 -1 40 -1 37 -1 40 -1 40 -1 37 -1 35 -1 12 -1 15 -1 20 -1 14 -1 42 -1 13 -1 37 -1 40 -1 40 -1 13 -1 37 -1 13 -1 13 -1 13 -1 37 -1 40 -1 39 -1 40 -1 25 -1 3 -1 33 -1 39 -1 40 -1 39 -1 40 -1 40 -1 40 -1 40 -1 40 -1 40 -1 40 -1 40 -1 40 -1 40 -1 40 -1 40 -1 40 -1 40 -1 40 -1 40 -1 40 -1 37 -1 13 -1 6 -1 8 -1 41 -1 32 -1 41 -1 41 -1 37 -1 41 -1 39 -1 40 -1 40 -1 40 -1 39 -1 40 -1 11 -1 44 -1 34 -1 27 -1 4 -1 13 -1 37 -1 21 -1 36 -1 37 -1 13 -1 35 -1 12 -1 13 -1 15 -1 20 -1 14 -1 37 -1 37 -1 40 -1 40 -1 13 -1 37 -1 37 -1 25 -1 3 -1 33 -1 37 -1 37 -1 13 -1 37 -1 13 -1 37 -1 13 -1 37 -1 6 -1 37 -1 8 -1 37 -1 39 -1 40 -1 40 -1 38 -1 38 -1 37 -1 42 -1 30 -1 42 -1 30 -1 39 -1 40 -1 39 -1 40 -1 37 -1 -2
37 -1 37 -1 37 -1 13 -1 39 -1 40 -1 39 -1 40 -1 40 -1 40 -1 40 -1 40 -1 40 -1 40 -1 40 -1 40 -1 39 -1 40 -1 39 -1 40 -1 40 -1 37 -1 40 -1 40 -1 39 -1 40 -1 37 -1 39 -1 40 -1 39 -1 40 -1 13 -1 13 -1 37 -1 6 -1 40 -1 39 -1 40 -1 13 -1 37 -1 13 -1 8 -1 40 -1 37 -1 40 -1 37 -1 39 -1 40 -1 39 -1 40 -1 40 -1 40 -1 40 -1 40 -1 40 -1 52 -1 40 -1 40 -1 40 -1 40 -1 40 -1 40 -1 40 -1 11 -1 44 -1 34 -1 27 -1 4 -1 13 -1 37 -1 13 -1 21 -1 36 -1 37 -1 37 -1 35 -1 12 -1 15 -1 20 -1 14 -1 37 -1 13 -1 37 -1 -2
38 -1 10 -1 38 -1 13 -1 37 -1 13 -1 37 -1 13 -1 37 -1 37 -1 13 -1 37 -1 37 -1 10 -1 38 -1 38 -1 38 -1 38 -1 13 -1 37 -1 37 -1 13 -1 37 -1 37 -1 13 -1 37 -1 37 -1 13 -1 37 -1 37 -1 37 -1 37 -1 13 -1 37 -1 37 -1 38 -1 10 -1 38 -1 41 -1 13 -1 37 -1 37 -1 41 -1 10 -1 38 -1 10 -1 38 -1 41 -1 13 -1 37 -1 37 -1 37 -1 37 -1 37 -1 37 -1 37 -1 37 -1 37 -1 37 -1 39 -1 40 -1 40 -1 37 -1 37 -1 37 -1 39 -1 40 -1 37 -1 40 -1 13 -1 37 -1 37 -1 13 -1 37 -1 37 -1 37 -1 37 -1 37 -1 37 -1 37 -1 37 -1 37 -1 37 -1 37 -1 37 -1 37 -1 37 -1 37 -1 25 -1 37 -1 13 -1 37 -1 13 -1 37 -1 33 -1 37 -1 13 -1 37 -1 37 -1 37 -1 37 -1 37 -1 39 -1 40 -1 37 -1 40 -1 37 -1 37 -1 37 -1 40 -1 40 -1 13 -1 37 -1 37 -1 41 -1 10 -1 38 -1 10 -1 38 -1 13 -1 37 -1 13 -1 37 -1 38 -1 38 -1 13 -1 37 -1 37 -1 13 -1 37 -1 37 -1 37 -1 13 -1 37 -1 37 -1 37 -1 13 -1 37 -1 20 -1 42 -1 37 -1 38 -1 38 -1 13 -1 37 -1 13 -1 37 -1 37 -1 38 -1 37 -1 38 -1 13 -1 37 -1 37 -1 10 -1 38 -1 13 -1 37 -1 10 -1 38 -1 37 -1 13 -1 37 -1 37 -1 38 -1 14 -1 10 -1 38 -1 38 -1 38 -1 4 -1 10 -1 38 -1 10 -1 38 -1 41 -1 13 -1 37 -1 13 -1 37 -1 13 -1 37 -1 37 -1 37 -1 37 -1 37 -1 37 -1 37 -1 37 -1 37 -1 37 -1 37 -1 37 -1 10 -1 38 -1 38 -1 37 -1 37 -1 37 -1 36 -1 37 -1 38 -1 13 -1 37 -1 13 -1 37 -1 38 -1 13 -1 37 -1 37 -1 13 -1 37 -1 13 -1 37 -1 37 -1 37 -1 13 -1 37 -1 13 -1 37 -1 37 -1 13 -1 37 -1 13 -1 37 -1 13 -1 37 -1 37 -1 37 -1 37 -1 37 -1 13 -1 37 -1 13 -1 37 -1 13 -1 37 -1 37 -1 37 -1 37 -1 37 -1 37 -1 37 -1 37 -1 37 -1 13 -1 37 -1 37 -1 13 -1 37 -1 8 -1 40 -1 40 -1 40 -1 40 -1 40 -1 40 -1 37 -1 37 -1 40 -1 40 -1 37 -1 37 -1 37 -1 37 -1 37 -1 37 -1 21 -1 37 -1 37 -1 27 -1 13 -1 37 -1 12 -1 35 -1 15 -1 37 -1 37 -1 37 -1 44 -1 45 -1 13 -1 37 -1 37 -1 40 -1 40 -1 13 -1 37 -1 37 -1 13 -1 37 -1 37 -1 37 -1 37 -1 37 -1 37 -1 37 -1 37 -1 37 -1 37 -1 37 -1 37 -1 41 -1 43 -1 10 -1 38 -1 10 -1 38 -1 38 -1 38 -1 38 -1 41 -1 10 -1 38 -1 37 -1 37 -1 37 -1 37 -1 37 -1 37 -1 41 -1 41 -1 40 -1 40 -1 40 -1 40 -1 44 -1 37 -1 37 -1 37 -1 37 -1 37 -1 37 -1 37 -1 37 -1 37 -1 37 -1 37 -1 37 -1 37 -1 37 -1 40 -1 40 -1 40 -1 40 -1 37 -1 37 -1 37 -1 37 -1 37 -1 37 -1 37 -1 37 -1 37 -1 37 -1 37 -1 37 -1 37 -1 37 -1 13 -1 37 -1 37 -1 37 -1 37 -1 40 -1 40 -1 40 -1 40 -1 13 -1 37 -1 37 -1 37 -1 37 -1 37 -1 37 -1 37 -1 33 -1 37 -1 37 -1 37 -1 37 -1 37 -1 13 -1 37 -1 37 -1 37 -1 13 -1 37 -1 37 -1 13 -1 37 -1 40 -1 40 -1 13 -1 37 -1 37 -1 37 -1 37 -1 37 -1 37 -1 37 -1 37 -1 38 -1 13 -1 37 -1 37 -1 38 -1 38 -1 38 -1 37 -1 37 -1 13 -1 37 -1 13 -1 37 -1 13 -1 37 -1 37 -1 37 -1 13 -1 37 -1 13 -1 37 -1 37 -1 43 -1 13 -1 37 -1 37 -1 37 -1 37 -1 37 -1 37 -1 13 -1 37 -1 37 -1 38 -1 13 -1 37 -1 38 -1 37 -1 38 -1 38 -1 13 -1 37 -1 37 -1 37 -1 37 -1 13 -1 37 -1 37 -1 37 -1 37 -1 37 -1 37 -1 37 -1 37 -1 37 -1 37 -1 37 -1 37 -1 37 -1 37 -1 37 -1 37 -1 37 -1 37 -1 37 -1 37 -1 37 -1 37 -1 37 -1 37 -1 37 -1 8 -1 37 -1 37 -1 37 -1 37 -1 37 -1 37 -1 37 -1 37 -1 37 -1 37 -1 37 -1 37 -1 37 -1 37 -1 37 -1 37 -1 35 -1 37 -1 37 -1 37 -1 37 -1 37 -1 37 -1 37 -1 37 -1 37 -1 37 -1 37 -1 37 -1 13 -1 37 -1 40 -1 13 -1 37 -1 37 -1 40 -1 37 -1 37 -1 44 -1 37 -1 37 -1 37 -1 37 -1 37 -1 37 -1 37 -1 37 -1 37 -1 37 -1 37 -1 37 -1 37 -1 37 -1 37 -1 37 -1 37 -1 37 -1 37 -1 37 -1 37 -1 37 -1 37 -1 37 -1 40 -1 40 -1 37 -1 37 -1 13 -1 37 -1 37 -1 41 -1 43 -1 10 -1 38 -1 10 -1 38 -1 38 -1 13 -1 37 -1 10 -1 38 -1 13 -1 37 -1 38 -1 10 -1 38 -1 41 -1 13 -1 37 -1 25 -1 37 -1 37 -1 37 -1 37 -1 37 -1 37 -1 37 -1 41 -1 10 -1 38 -1 10 -1 38 -1 10 -1 38 -1 10 -1 38 -1 41 -1 37 -1 37 -1 37 -1 37 -1 37 -1 37 -1 37 -1 37 -1 37 -1 37 -1 37 -1 37 -1 20 -1 37 -1 37 -1 13 -1 37 -1 13 -1 37 -1 13 -1 37 -1 37 -1 38 -1 37 -1 37 -1 13 -1 37 -1 37 -1 43 -1 38 -1 13 -1 37 -1 37 -1 37 -1 14 -1 4 -1 13 -1 37 -1 37 -1 13 -1 37 -1 37 -1 37 -1 37 -1 13 -1 37 -1 13 -1 37 -1 37 -1 37 -1 36 -1 37 -1 40 -1 40 -1 37 -1 40 -1 37 -1 40 -1 37 -1 40 -1 37 -1 40 -1 40 -1 40 -1 37 -1 37 -1 40 -1 40 -1 40 -1 40 -1 37 -1 37 -1 13 -1 37 -1 -2
37 -1 10 -1 38 -1 39 -1 40 -1 39 -1 40 -1 61 -1 16 -1 40 -1 40 -1 40 -1 40 -1 41 -1 10 -1 38 -1 38 -1 13 -1 37 -1 37 -1 13 -1 37 -1 13 -1 37 -1 13 -1 37 -1 37 -1 38 -1 13 -1 37 -1 13 -1 37 -1 38 -1 13 -1 37 -1 13 -1 37 -1 13 -1 37 -1 37 -1 38 -1 10 -1 38 -1 41 -1 10 -1 38 -1 38 -1 13 -1 37 -1 37 -1 40 -1 40 -1 37 -1 37 -1 37 -1 13 -1 37 -1 37 -1 13 -1 37 -1 37 -1 13 -1 37 -1 37 -1 37 -1 37 -1 37 -1 39 -1 40 -1 40 -1 40 -1 40 -1 37 -1 37 -1 40 -1 40 -1 37 -1 37 -1 37 -1 13 -1 37 -1 37 -1 37 -1 13 -1 37 -1 37 -1 37 -1 37 -1 37 -1 37 -1 37 -1 37 -1 40 -1 40 -1 37 -1 37 -1 40 -1 39 -1 40 -1 37 -1 40 -1 37 -1 37 -1 39 -1 40 -1 37 -1 40 -1 40 -1 40 -1 40 -1 41 -1 32 -1 10 -1 38 -1 10 -1 38 -1 38 -1 38 -1 13 -1 37 -1 37 -1 38 -1 38 -1 37 -1 38 -1 37 -1 38 -1 37 -1 37 -1 38 -1 10 -1 38 -1 41 -1 13 -1 37 -1 37 -1 10 -1 38 -1 13 -1 37 -1 37 -1 37 -1 10 -1 38 -1 38 -1 37 -1 10 -1 38 -1 13 -1 37 -1 37 -1 38 -1 10 -1 38 -1 13 -1 37 -1 38 -1 37 -1 10 -1 38 -1 13 -1 37 -1 37 -1 37 -1 37 -1 37 -1 37 -1 37 -1 37 -1 37 -1 37 -1 37 -1 37 -1 40 -1 40 -1 37 -1 37 -1 37 -1 37 -1 37 -1 37 -1 37 -1 37 -1 37 -1 37 -1 37 -1 37 -1 40 -1 38 -1 40 -1 38 -1 38 -1 40 -1 38 -1 39 -1 40 -1 39 -1 40 -1 40 -1 37 -1 37 -1 41 -1 43 -1 10 -1 38 -1 10 -1 38 -1 10 -1 38 -1 41 -1 10 -1 38 -1 40 -1 39 -1 40 -1 40 -1 39 -1 40 -1 40 -1 10 -1 38 -1 39 -1 40 -1 38 -1 39 -1 40 -1 37 -1 37 -1 40 -1 37 -1 37 -1 37 -1 37 -1 38 -1 42 -1 10 -1 38 -1 13 -1 37 -1 37 -1 10 -1 38 -1 13 -1 37 -1 37 -1 10 -1 38 -1 13 -1 37 -1 37 -1 37 -1 37 -1 20 -1 37 -1 37 -1 37 -1 37 -1 37 -1 37 -1 37 -1 37 -1 33 -1 37 -1 37 -1 37 -1 37 -1 13 -1 37 -1 37 -1 11 -1 44 -1 14 -1 13 -1 37 -1 37 -1 27 -1 12 -1 37 -1 35 -1 37 -1 15 -1 13 -1 37 -1 37 -1 45 -1 61 -1 16 -1 13 -1 37 -1 13 -1 37 -1 37 -1 13 -1 37 -1 37 -1 37 -1 13 -1 37 -1 13 -1 37 -1 37 -1 37 -1 37 -1 37 -1 37 -1 37 -1 37 -1 37 -1 37 -1 37 -1 57 -1 32 -1 43 -1 10 -1 38 -1 13 -1 37 -1 37 -1 57 -1 10 -1 38 -1 13 -1 37 -1 37 -1 37 -1 37 -1 37 -1 37 -1 37 -1 37 -1 37 -1 37 -1 37 -1 37 -1 37 -1 37 -1 37 -1 37 -1 37 -1 37 -1 37 -1 37 -1 37 -1 37 -1 37 -1 37 -1 37 -1 37 -1 37 -1 37 -1 37 -1 37 -1 37 -1 37 -1 37 -1 37 -1 37 -1 37 -1 37 -1 37 -1 37 -1 37 -1 43 -1 37 -1 37 -1 37 -1 37 -1 40 -1 40 -1 40 -1 39 -1 40 -1 40 -1 40 -1 40 -1 40 -1 40 -1 40 -1 13 -1 37 -1 13 -1 37 -1 10 -1 38 -1 38 -1 13 -1 37 -1 39 -1 40 -1 37 -1 40 -1 13 -1 37 -1 37 -1 37 -1 37 -1 37 -1 37 -1 41 -1 10 -1 38 -1 10 -1 38 -1 13 -1 37 -1 37 -1 13 -1 37 -1 37 -1 41 -1 40 -1 39 -1 40 -1 13 -1 37 -1 40 -1 40 -1 40 -1 40 -1 40 -1 37 -1 40 -1 13 -1 37 -1 13 -1 37 -1 40 -1 37 -1 13 -1 37 -1 39 -1 40 -1 37 -1 37 -1 37 -1 37 -1 37 -1 37 -1 37 -1 37 -1 37 -1 37 -1 37 -1 37 -1 37 -1 37 -1 37 -1 13 -1 37 -1 13 -1 37 -1 37 -1 37 -1 37 -1 41 -1 32 -1 41 -1 13 -1 37 -1 13 -1 37 -1 13 -1 37 -1 37 -1 13 -1 37 -1 37 -1 37 -1 37 -1 41 -1 10 -1 38 -1 10 -1 38 -1 41 -1 40 -1 39 -1 40 -1 40 -1 40 -1 13 -1 37 -1 37 -1 39 -1 40 -1 39 -1 40 -1 40 -1 40 -1 39 -1 40 -1 13 -1 37 -1 40 -1 37 -1 37 -1 37 -1 37 -1 37 -1 37 -1 37 -1 37 -1 37 -1 37 -1 37 -1 37 -1 37 -1 10 -1 38 -1 10 -1 38 -1 37 -1 37 -1 37 -1 37 -1 41 -1 10 -1 38 -1 13 -1 37 -1 10 -1 38 -1 37 -1 16 -1 45 -1 38 -1 10 -1 38 -1 41 -1 13 -1 37 -1 37 -1 37 -1 37 -1 37 -1 37 -1 37 -1 37 -1 37 -1 37 -1 37 -1 37 -1 37 -1 37 -1 37 -1 37 -1 37 -1 37 -1 40 -1 40 -1 37 -1 37 -1 40 -1 39 -1 40 -1 40 -1 39 -1 40 -1 37 -1 37 -1 40 -1 40 -1 40 -1 39 -1 40 -1 39 -1 40 -1 37 -1 37 -1 40 -1 13 -1 37 -1 37 -1 40 -1 40 -1 13 -1 37 -1 37 -1 37 -1 40 -1 37 -1 37 -1 37 -1 40 -1 37 -1 37 -1 37 -1 37 -1 37 -1 37 -1 37 -1 37 -1 37 -1 37 -1 37 -1 37 -1 37 -1 37 -1 37 -1 37 -1 37 -1 37 -1 37 -1 37 -1 37 -1 37 -1 37 -1 37 -1 37 -1 37 -1 37 -1 37 -1 37 -1 37 -1 37 -1 37 -1 37 -1 37 -1 41 -1 32 -1 43 -1 10 -1 38 -1 10 -1 38 -1 41 -1 10 -1 38 -1 38 -1 38 -1 38 -1 13 -1 37 -1 37 -1 13 -1 37 -1 37 -1 37 -1 37 -1 38 -1 38 -1 37 -1 38 -1 37 -1 38 -1 41 -1 10 -1 38 -1 38 -1 13 -1 37 -1 38 -1 38 -1 37 -1 37 -1 37 -1 37 -1 38 -1 37 -1 38 -1 37 -1 38 -1 37 -1 38 -1 38 -1 41 -1 10 -1 38 -1 40 -1 40 -1 40 -1 40 -1 40 -1 40 -1 40 -1 40 -1 38 -1 13 -1 37 -1 37 -1 38 -1 13 -1 37 -1 37 -1 37 -1 37 -1 37 -1 37 -1 37 -1 37 -1 37 -1 37 -1 37 -1 37 -1 37 -1 37 -1 37 -1 37 -1 37 -1 37 -1 37 -1 37 -1 37 -1 37 -1 37 -1 37 -1 37 -1 37 -1 37 -1 37 -1 37 -1 37 -1 37 -1 37 -1 37 -1 37 -1 37 -1 37 -1 37 -1 37 -1 37 -1 70 -1 37 -1 37 -1 37 -1 37 -1 37 -1 37 -1 37 -1 37 -1 20 -1 37 -1 37 -1 37 -1 37 -1 33 -1 37 -1 37 -1 37 -1 37 -1 37 -1 35 -1 37 -1 37 -1 37 -1 55 -1 37 -1 37 -1 45 -1 37 -1 37 -1 37 -1 37 -1 37 -1 37 -1 37 -1 37 -1 37 -1 37 -1 37 -1 40 -1 40 -1 38 -1 38 -1 37 -1 10 -1 38 -1 37 -1 10 -1 38 -1 13 -1 37 -1 37 -1 13 -1 37 -1 37 -1 37 -1 37 -1 37 -1 37 -1 37 -1 37 -1 37 -1 37 -1 37 -1 37 -1 37 -1 37 -1 37 -1 37 -1 37 -1 37 -1 37 -1 37 -1 37 -1 37 -1 37 -1 37 -1 37 -1 37 -1 37 -1 37 -1 37 -1 37 -1 37 -1 37 -1 37 -1 37 -1 37 -1 37 -1 37 -1 37 -1 37 -1 37 -1 37 -1 43 -1 37 -1 37 -1 37 -1 37 -1 37 -1 37 -1 37 -1 37 -1 37 -1 37 -1 37 -1 37 -1 37 -1 37 -1 37 -1 37 -1 37 -1 37 -1 37 -1 37 -1 37 -1 37 -1 37 -1 37 -1 37 -1 37 -1 37 -1 37 -1 37 -1 37 -1 37 -1 37 -1 8 -1 37 -1 37 -1 37 -1 41 -1 10 -1 38 -1 10 -1 38 -1 41 -1 70 -1 13 -1 37 -1 37 -1 37 -1 37 -1 37 -1 37 -1 13 -1 37 -1 37 -1 13 -1 37 -1 37 -1 37 -1 37 -1 37 -1 37 -1 37 -1 37 -1 37 -1 37 -1 37 -1 20 -1 37 -1 41 -1 10 -1 38 -1 10 -1 38 -1 25 -1 38 -1 38 -1 38 -1 38 -1 44 -1 38 -1 10 -1 38 -1 41 -1 55 -1 61 -1 12 -1 35 -1 37 -1 37 -1 37 -1 37 -1 37 -1 37 -1 37 -1 37 -1 37 -1 37 -1 37 -1 37 -1 37 -1 37 -1 37 -1 37 -1 37 -1 37 -1 37 -1 37 -1 41 -1 13 -1 37 -1 37 -1 41 -1 13 -1 37 -1 37 -1 37 -1 37 -1 37 -1 37 -1 37 -1 37 -1 37 -1 37 -1 10 -1 38 -1 10 -1 38 -1 37 -1 38 -1 37 -1 38 -1 40 -1 40 -1 37 -1 39 -1 40 -1 37 -1 39 -1 40 -1 40 -1 37 -1 40 -1 39 -1 40 -1 37 -1 39 -1 40 -1 41 -1 41 -1 10 -1 38 -1 13 -1 37 -1 10 -1 38 -1 38 -1 37 -1 41 -1 10 -1 38 -1 41 -1 43 -1 13 -1 37 -1 37 -1 37 -1 37 -1 37 -1 13 -1 37 -1 40 -1 40 -1 37 -1 40 -1 37 -1 39 -1 40 -1 37 -1 40 -1 37 -1 39 -1 40 -1 37 -1 40 -1 37 -1 37 -1 37 -1 40 -1 40 -1 40 -1 37 -1 37 -1 37 -1 37 -1 37 -1 37 -1 37 -1 37 -1 37 -1 37 -1 37 -1 13 -1 37 -1 13 -1 37 -1 13 -1 37 -1 13 -1 37 -1 37 -1 37 -1 37 -1 37 -1 37 -1 43 -1 37 -1 37 -1 37 -1 37 -1 37 -1 37 -1 37 -1 37 -1 37 -1 37 -1 37 -1 37 -1 37 -1 37 -1 37 -1 37 -1 37 -1 37 -1 37 -1 37 -1 37 -1 37 -1 37 -1 37 -1 37 -1 37 -1 37 -1 37 -1 37 -1 37 -1 37 -1 37 -1 37 -1 37 -1 37 -1 37 -1 37 -1 37 -1 37 -1 37 -1 37 -1 37 -1 37 -1 8 -1 37 -1 37 -1 37 -1 13 -1 37 -1 13 -1 37 -1 13 -1 37 -1 13 -1 37 -1 13 -1 37 -1 13 -1 37 -1 37 -1 13 -1 37 -1 13 -1 37 -1 37 -1 37 -1 37 -1 37 -1 37 -1 13 -1 37 -1 13 -1 37 -1 37 -1 37 -1 13 -1 37 -1 37 -1 37 -1 13 -1 37 -1 13 -1 37 -1 13 -1 37 -1 13 -1 37 -1 13 -1 37 -1 13 -1 37 -1 37 -1 37 -1 37 -1 37 -1 20 -1 13 -1 37 -1 37 -1 13 -1 37 -1 37 -1 37 -1 37 -1 13 -1 37 -1 44 -1 13 -1 37 -1 13 -1 37 -1 13 -1 37 -1 14 -1 37 -1 12 -1 35 -1 37 -1 15 -1 13 -1 37 -1 13 -1 37 -1 37 -1 37 -1 45 -1 36 -1 4 -1 37 -1 37 -1 37 -1 37 -1 37 -1 37 -1 37 -1 41 -1 43 -1 41 -1 37 -1 37 -1 13 -1 37 -1 -2
37 -1 38 -1 13 -1 37 -1 37 -1 37 -1 37 -1 37 -1 37 -1 39 -1 40 -1 40 -1 41 -1 43 -1 10 -1 38 -1 10 -1 38 -1 41 -1 37 -1 37 -1 41 -1 41 -1 10 -1 38 -1 13 -1 37 -1 37 -1 38 -1 40 -1 40 -1 40 -1 40 -1 13 -1 37 -1 37 -1 37 -1 13 -1 37 -1 13 -1 37 -1 37 -1 37 -1 37 -1 37 -1 37 -1 37 -1 55 -1 42 -1 37 -1 37 -1 37 -1 37 -1 37 -1 37 -1 37 -1 37 -1 37 -1 37 -1 37 -1 37 -1 37 -1 37 -1 37 -1 37 -1 37 -1 37 -1 37 -1 37 -1 37 -1 37 -1 37 -1 37 -1 37 -1 37 -1 21 -1 34 -1 27 -1 12 -1 37 -1 35 -1 37 -1 3 -1 11 -1 44 -1 37 -1 37 -1 37 -1 37 -1 37 -1 37 -1 37 -1 37 -1 37 -1 37 -1 37 -1 37 -1 37 -1 37 -1 37 -1 37 -1 37 -1 37 -1 37 -1 37 -1 37 -1 37 -1 37 -1 37 -1 37 -1 37 -1 37 -1 37 -1 37 -1 37 -1 37 -1 37 -1 32 -1 37 -1 37 -1 20 -1 37 -1 37 -1 25 -1 14 -1 37 -1 37 -1 37 -1 37 -1 37 -1 38 -1 13 -1 37 -1 37 -1 38 -1 13 -1 37 -1 37 -1 37 -1 37 -1 37 -1 37 -1 37 -1 70 -1 37 -1 37 -1 38 -1 10 -1 38 -1 37 -1 37 -1 37 -1 10 -1 38 -1 10 -1 38 -1 37 -1 37 -1 38 -1 15 -1 10 -1 38 -1 13 -1 37 -1 45 -1 37 -1 37 -1 37 -1 13 -1 37 -1 37 -1 37 -1 37 -1 39 -1 40 -1 40 -1 37 -1 37 -1 40 -1 13 -1 37 -1 40 -1 13 -1 37 -1 40 -1 40 -1 38 -1 13 -1 37 -1 38 -1 -2
37 -1 42 -1 38 -1 37 -1 38 -1 37 -1 38 -1 40 -1 13 -1 37 -1 37 -1 40 -1 13 -1 37 -1 37 -1 40 -1 13 -1 37 -1 40 -1 37 -1 37 -1 37 -1 37 -1 40 -1 37 -1 40 -1 13 -1 37 -1 37 -1 37 -1 37 -1 37 -1 37 -1 37 -1 37 -1 37 -1 37 -1 37 -1 37 -1 38 -1 37 -1 10 -1 38 -1 38 -1 38 -1 38 -1 37 -1 10 -1 38 -1 37 -1 37 -1 37 -1 37 -1 37 -1 37 -1 37 -1 27 -1 37 -1 38 -1 37 -1 54 -1 10 -1 38 -1 39 -1 13 -1 45 -1 54 -1 45 -1 54 -1 37 -1 10 -1 38 -1 37 -1 37 -1 45 -1 54 -1 38 -1 40 -1 40 -1 13 -1 37 -1 37 -1 37 -1 13 -1 37 -1 37 -1 37 -1 37 -1 37 -1 37 -1 37 -1 37 -1 37 -1 37 -1 37 -1 37 -1 37 -1 37 -1 37 -1 37 -1 52 -1 37 -1 37 -1 37 -1 37 -1 37 -1 39 -1 40 -1 40 -1 40 -1 37 -1 40 -1 37 -1 37 -1 40 -1 37 -1 40 -1 40 -1 40 -1 37 -1 40 -1 37 -1 37 -1 40 -1 37 -1 37 -1 40 -1 37 -1 40 -1 37 -1 37 -1 40 -1 40 -1 37 -1 37 -1 40 -1 37 -1 40 -1 40 -1 37 -1 40 -1 37 -1 37 -1 37 -1 40 -1 40 -1 37 -1 37 -1 37 -1 40 -1 40 -1 37 -1 37 -1 40 -1 40 -1 37 -1 37 -1 40 -1 37 -1 40 -1 37 -1 25 -1 40 -1 40 -1 37 -1 37 -1 13 -1 37 -1 33 -1 13 -1 37 -1 37 -1 37 -1 40 -1 40 -1 37 -1 37 -1 37 -1 37 -1 40 -1 40 -1 13 -1 37 -1 37 -1 13 -1 37 -1 37 -1 40 -1 37 -1 40 -1 40 -1 37 -1 37 -1 40 -1 37 -1 38 -1 37 -1 10 -1 38 -1 38 -1 38 -1 38 -1 38 -1 38 -1 13 -1 37 -1 10 -1 38 -1 40 -1 40 -1 4 -1 41 -1 41 -1 40 -1 40 -1 13 -1 37 -1 13 -1 37 -1 38 -1 13 -1 37 -1 10 -1 38 -1 37 -1 38 -1 37 -1 38 -1 38 -1 38 -1 38 -1 37 -1 10 -1 38 -1 13 -1 37 -1 37 -1 13 -1 37 -1 37 -1 38 -1 37 -1 37 -1 38 -1 39 -1 40 -1 40 -1 13 -1 37 -1 37 -1 13 -1 37 -1 37 -1 37 -1 37 -1 37 -1 37 -1 37 -1 37 -1 39 -1 40 -1 40 -1 37 -1 13 -1 37 -1 34 -1 41 -1 32 -1 12 -1 35 -1 41 -1 11 -1 44 -1 40 -1 14 -1 40 -1 13 -1 37 -1 15 -1 37 -1 42 -1 37 -1 37 -1 40 -1 40 -1 41 -1 10 -1 38 -1 10 -1 38 -1 13 -1 37 -1 30 -1 37 -1 30 -1 37 -1 37 -1 37 -1 37 -1 37 -1 13 -1 37 -1 13 -1 37 -1 37 -1 13 -1 37 -1 37 -1 13 -1 37 -1 37 -1 13 -1 37 -1 37 -1 13 -1 37 -1 37 -1 37 -1 37 -1 41 -1 13 -1 37 -1 37 -1 37 -1 13 -1 37 -1 13 -1 37 -1 37 -1 13 -1 37 -1 37 -1 40 -1 39 -1 40 -1 21 -1 13 -1 37 -1 45 -1 37 -1 27 -1 39 -1 40 -1 40 -1 3 -1 13 -1 37 -1 13 -1 37 -1 40 -1 40 -1 37 -1 37 -1 40 -1 40 -1 37 -1 40 -1 37 -1 39 -1 40 -1 13 -1 37 -1 37 -1 39 -1 40 -1 40 -1 13 -1 37 -1 37 -1 36 -1 37 -1 37 -1 37 -1 37 -1 37 -1 13 -1 37 -1 13 -1 37 -1 37 -1 13 -1 37 -1 13 -1 37 -1 40 -1 40 -1 37 -1 52 -1 13 -1 37 -1 37 -1 37 -1 37 -1 37 -1 39 -1 40 -1 40 -1 10 -1 38 -1 13 -1 37 -1 10 -1 38 -1 38 -1 37 -1 37 -1 37 -1 38 -1 13 -1 37 -1 37 -1 40 -1 40 -1 40 -1 39 -1 40 -1 13 -1 37 -1 37 -1 37 -1 37 -1 37 -1 37 -1 37 -1 37 -1 37 -1 25 -1 37 -1 37 -1 8 -1 37 -1 40 -1 39 -1 40 -1 10 -1 38 -1 13 -1 37 -1 10 -1 38 -1 38 -1 37 -1 38 -1 40 -1 39 -1 40 -1 13 -1 37 -1 37 -1 37 -1 37 -1 37 -1 37 -1 37 -1 6 -1 13 -1 37 -1 13 -1 37 -1 37 -1 37 -1 37 -1 37 -1 37 -1 40 -1 39 -1 40 -1 10 -1 38 -1 13 -1 37 -1 10 -1 38 -1 38 -1 37 -1 38 -1 39 -1 40 -1 39 -1 40 -1 13 -1 37 -1 37 -1 37 -1 37 -1 37 -1 37 -1 13 -1 37 -1 13 -1 37 -1 13 -1 37 -1 37 -1 37 -1 13 -1 37 -1 37 -1 13 -1 37 -1 13 -1 37 -1 37 -1 37 -1 13 -1 37 -1 39 -1 40 -1 40 -1 40 -1 40 -1 40 -1 40 -1 -2
37 -1 11 -1 44 -1 38 -1 40 -1 40 -1 40 -1 40 -1 13 -1 37 -1 37 -1 37 -1 37 -1 37 -1 37 -1 37 -1 37 -1 37 -1 37 -1 37 -1 37 -1 37 -1 37 -1 37 -1 37 -1 37 -1 37 -1 37 -1 37 -1 37 -1 37 -1 37 -1 37 -1 37 -1 37 -1 37 -1 37 -1 40 -1 39 -1 40 -1 13 -1 37 -1 37 -1 39 -1 40 -1 40 -1 13 -1 37 -1 37 -1 37 -1 37 -1 37 -1 37 -1 37 -1 37 -1 37 -1 37 -1 37 -1 37 -1 37 -1 21 -1 37 -1 37 -1 27 -1 3 -1 37 -1 40 -1 40 -1 13 -1 37 -1 39 -1 40 -1 13 -1 37 -1 39 -1 40 -1 40 -1 40 -1 41 -1 32 -1 10 -1 38 -1 10 -1 38 -1 13 -1 37 -1 37 -1 37 -1 37 -1 37 -1 37 -1 41 -1 40 -1 40 -1 13 -1 37 -1 37 -1 40 -1 40 -1 40 -1 40 -1 37 -1 37 -1 39 -1 40 -1 39 -1 40 -1 41 -1 32 -1 38 -1 38 -1 41 -1 40 -1 39 -1 40 -1 37 -1 37 -1 37 -1 37 -1 40 -1 40 -1 37 -1 37 -1 37 -1 37 -1 37 -1 37 -1 37 -1 37 -1 37 -1 37 -1 37 -1 37 -1 37 -1 37 -1 37 -1 37 -1 37 -1 37 -1 37 -1 37 -1 37 -1 37 -1 10 -1 38 -1 13 -1 37 -1 38 -1 38 -1 37 -1 37 -1 37 -1 10 -1 38 -1 39 -1 40 -1 40 -1 13 -1 37 -1 37 -1 37 -1 37 -1 37 -1 37 -1 37 -1 37 -1 37 -1 37 -1 37 -1 37 -1 37 -1 37 -1 37 -1 37 -1 37 -1 37 -1 37 -1 37 -1 10 -1 38 -1 13 -1 37 -1 38 -1 38 -1 37 -1 10 -1 38 -1 13 -1 37 -1 20 -1 37 -1 39 -1 40 -1 25 -1 40 -1 37 -1 37 -1 33 -1 37 -1 37 -1 37 -1 37 -1 37 -1 37 -1 37 -1 37 -1 37 -1 30 -1 8 -1 30 -1 70 -1 37 -1 37 -1 7 -1 37 -1 37 -1 37 -1 9 -1 41 -1 10 -1 38 -1 10 -1 38 -1 10 -1 38 -1 41 -1 10 -1 38 -1 39 -1 40 -1 40 -1 37 -1 37 -1 37 -1 37 -1 37 -1 37 -1 37 -1 37 -1 37 -1 37 -1 37 -1 37 -1 55 -1 37 -1 34 -1 45 -1 12 -1 11 -1 37 -1 37 -1 37 -1 37 -1 37 -1 37 -1 37 -1 37 -1 37 -1 37 -1 37 -1 37 -1 37 -1 41 -1 32 -1 41 -1 40 -1 40 -1 37 -1 -2
38 -1 10 -1 38 -1 13 -1 37 -1 37 -1 37 -1 37 -1 37 -1 13 -1 37 -1 37 -1 13 -1 37 -1 13 -1 37 -1 13 -1 37 -1 37 -1 37 -1 38 -1 38 -1 13 -1 37 -1 37 -1 37 -1 37 -1 38 -1 38 -1 36 -1 41 -1 13 -1 37 -1 37 -1 37 -1 37 -1 37 -1 37 -1 37 -1 25 -1 13 -1 37 -1 37 -1 37 -1 33 -1 13 -1 37 -1 37 -1 37 -1 37 -1 41 -1 10 -1 38 -1 10 -1 38 -1 38 -1 13 -1 37 -1 38 -1 38 -1 37 -1 38 -1 37 -1 37 -1 38 -1 38 -1 37 -1 37 -1 37 -1 37 -1 38 -1 38 -1 38 -1 38 -1 37 -1 37 -1 38 -1 38 -1 37 -1 37 -1 37 -1 37 -1 38 -1 38 -1 37 -1 38 -1 38 -1 37 -1 13 -1 37 -1 37 -1 38 -1 38 -1 38 -1 41 -1 10 -1 38 -1 13 -1 37 -1 37 -1 37 -1 37 -1 37 -1 37 -1 37 -1 37 -1 37 -1 37 -1 41 -1 10 -1 38 -1 10 -1 38 -1 38 -1 14 -1 41 -1 10 -1 38 -1 37 -1 37 -1 41 -1 41 -1 38 -1 13 -1 37 -1 10 -1 38 -1 38 -1 13 -1 37 -1 10 -1 38 -1 38 -1 37 -1 37 -1 38 -1 37 -1 37 -1 37 -1 13 -1 37 -1 13 -1 37 -1 13 -1 37 -1 13 -1 37 -1 37 -1 37 -1 13 -1 37 -1 37 -1 37 -1 41 -1 10 -1 38 -1 10 -1 38 -1 41 -1 10 -1 38 -1 13 -1 37 -1 10 -1 38 -1 37 -1 38 -1 10 -1 38 -1 39 -1 40 -1 40 -1 13 -1 37 -1 40 -1 37 -1 37 -1 40 -1 37 -1 40 -1 37 -1 40 -1 37 -1 37 -1 40 -1 40 -1 40 -1 37 -1 40 -1 37 -1 37 -1 37 -1 40 -1 37 -1 37 -1 37 -1 40 -1 37 -1 37 -1 13 -1 37 -1 13 -1 37 -1 13 -1 37 -1 37 -1 37 -1 37 -1 37 -1 37 -1 37 -1 37 -1 37 -1 37 -1 37 -1 37 -1 37 -1 37 -1 37 -1 37 -1 13 -1 37 -1 37 -1 37 -1 13 -1 37 -1 13 -1 37 -1 37 -1 13 -1 37 -1 13 -1 37 -1 37 -1 37 -1 37 -1 37 -1 37 -1 37 -1 37 -1 7 -1 37 -1 38 -1 10 -1 38 -1 37 -1 37 -1 37 -1 37 -1 37 -1 37 -1 20 -1 37 -1 10 -1 38 -1 37 -1 38 -1 40 -1 40 -1 37 -1 3 -1 37 -1 11 -1 44 -1 40 -1 12 -1 40 -1 35 -1 15 -1 37 -1 37 -1 42 -1 37 -1 45 -1 37 -1 37 -1 37 -1 37 -1 37 -1 37 -1 37 -1 37 -1 36 -1 25 -1 33 -1 37 -1 8 -1 38 -1 10 -1 38 -1 37 -1 37 -1 41 -1 43 -1 10 -1 38 -1 10 -1 38 -1 41 -1 40 -1 40 -1 37 -1 37 -1 40 -1 40 -1 57 -1 10 -1 38 -1 57 -1 13 -1 37 -1 37 -1 38 -1 13 -1 37 -1 37 -1 37 -1 37 -1 37 -1 37 -1 37 -1 37 -1 37 -1 37 -1 37 -1 37 -1 37 -1 37 -1 37 -1 14 -1 37 -1 37 -1 37 -1 37 -1 37 -1 37 -1 37 -1 37 -1 37 -1 41 -1 10 -1 38 -1 10 -1 38 -1 41 -1 13 -1 37 -1 37 -1 13 -1 37 -1 37 -1 37 -1 37 -1 37 -1 37 -1 37 -1 37 -1 37 -1 37 -1 37 -1 37 -1 37 -1 37 -1 37 -1 37 -1 37 -1 37 -1 37 -1 37 -1 37 -1 37 -1 57 -1 10 -1 38 -1 38 -1 38 -1 57 -1 10 -1 38 -1 37 -1 37 -1 38 -1 10 -1 38 -1 37 -1 10 -1 38 -1 10 -1 38 -1 13 -1 37 -1 40 -1 40 -1 13 -1 37 -1 37 -1 40 -1 37 -1 37 -1 40 -1 40 -1 37 -1 40 -1 40 -1 37 -1 40 -1 37 -1 40 -1 39 -1 40 -1 37 -1 39 -1 40 -1 40 -1 37 -1 37 -1 13 -1 37 -1 13 -1 37 -1 38 -1 13 -1 37 -1 10 -1 38 -1 37 -1 10 -1 38 -1 10 -1 38 -1 13 -1 37 -1 38 -1 38 -1 38 -1 38 -1 38 -1 37 -1 4 -1 38 -1 20 -1 41 -1 10 -1 38 -1 10 -1 38 -1 41 -1 40 -1 40 -1 39 -1 40 -1 11 -1 21 -1 34 -1 39 -1 40 -1 27 -1 37 -1 -2
37 -1 37 -1 13 -1 37 -1 13 -1 37 -1 37 -1 37 -1 13 -1 37 -1 13 -1 37 -1 37 -1 37 -1 37 -1 37 -1 37 -1 4 -1 37 -1 37 -1 41 -1 27 -1 14 -1 13 -1 37 -1 13 -1 37 -1 20 -1 13 -1 37 -1 13 -1 37 -1 37 -1 37 -1 37 -1 35 -1 37 -1 44 -1 11 -1 34 -1 13 -1 37 -1 10 -1 38 -1 37 -1 38 -1 15 -1 38 -1 41 -1 10 -1 38 -1 38 -1 10 -1 38 -1 38 -1 10 -1 38 -1 13 -1 37 -1 13 -1 37 -1 13 -1 37 -1 37 -1 13 -1 37 -1 37 -1 37 -1 37 -1 39 -1 40 -1 40 -1 37 -1 37 -1 37 -1 37 -1 10 -1 38 -1 10 -1 38 -1 39 -1 40 -1 39 -1 40 -1 40 -1 40 -1 40 -1 13 -1 37 -1 40 -1 40 -1 40 -1 40 -1 37 -1 40 -1 10 -1 38 -1 10 -1 38 -1 40 -1 40 -1 40 -1 40 -1 40 -1 37 -1 40 -1 37 -1 40 -1 13 -1 37 -1 13 -1 37 -1 13 -1 37 -1 40 -1 13 -1 37 -1 41 -1 43 -1 10 -1 38 -1 10 -1 38 -1 36 -1 38 -1 10 -1 38 -1 38 -1 10 -1 38 -1 41 -1 37 -1 -2
37 -1 38 -1 39 -1 40 -1 39 -1 40 -1 13 -1 37 -1 52 -1 13 -1 37 -1 37 -1 37 -1 37 -1 13 -1 37 -1 37 -1 36 -1 33 -1 13 -1 37 -1 13 -1 37 -1 25 -1 35 -1 11 -1 13 -1 37 -1 37 -1 8 -1 27 -1 3 -1 25 -1 39 -1 40 -1 37 -1 40 -1 37 -1 40 -1 37 -1 40 -1 37 -1 55 -1 20 -1 33 -1 13 -1 37 -1 37 -1 13 -1 37 -1 13 -1 37 -1 37 -1 37 -1 37 -1 37 -1 37 -1 37 -1 25 -1 33 -1 37 -1 39 -1 40 -1 40 -1 37 -1 40 -1 37 -1 40 -1 41 -1 32 -1 43 -1 10 -1 38 -1 10 -1 38 -1 38 -1 41 -1 10 -1 38 -1 13 -1 37 -1 37 -1 40 -1 40 -1 7 -1 42 -1 6 -1 37 -1 37 -1 37 -1 37 -1 4 -1 40 -1 40 -1 14 -1 40 -1 21 -1 39 -1 40 -1 39 -1 40 -1 34 -1 40 -1 44 -1 25 -1 12 -1 13 -1 37 -1 45 -1 15 -1 52 -1 13 -1 37 -1 40 -1 40 -1 40 -1 13 -1 37 -1 40 -1 37 -1 41 -1 10 -1 38 -1 10 -1 38 -1 38 -1 38 -1 38 -1 38 -1 10 -1 38 -1 25 -1 10 -1 38 -1 41 -1 8 -1 10 -1 38 -1 38 -1 38 -1 38 -1 38 -1 38 -1 38 -1 36 -1 37 -1 38 -1 38 -1 38 -1 38 -1 38 -1 37 -1 38 -1 37 -1 38 -1 38 -1 38 -1 38 -1 35 -1 11 -1 38 -1 40 -1 39 -1 40 -1 27 -1 3 -1 41 -1 32 -1 43 -1 10 -1 38 -1 10 -1 38 -1 13 -1 37 -1 38 -1 10 -1 38 -1 41 -1 20 -1 13 -1 13 -1 37 -1 37 -1 13 -1 37 -1 13 -1 37 -1 37 -1 37 -1 33 -1 13 -1 37 -1 13 -1 37 -1 13 -1 13 -1 37 -1 13 -1 37 -1 13 -1 37 -1 13 -1 37 -1 13 -1 37 -1 37 -1 37 -1 37 -1 37 -1 37 -1 37 -1 7 -1 42 -1 37 -1 37 -1 37 -1 37 -1 4 -1 37 -1 37 -1 14 -1 21 -1 37 -1 34 -1 44 -1 37 -1 37 -1 12 -1 39 -1 40 -1 40 -1 13 -1 37 -1 37 -1 37 -1 37 -1 13 -1 37 -1 8 -1 11 -1 32 -1 43 -1 52 -1 13 -1 37 -1 37 -1 13 -1 37 -1 38 -1 13 -1 37 -1 10 -1 38 -1 37 -1 10 -1 38 -1 38 -1 37 -1 37 -1 37 -1 37 -1 37 -1 37 -1 37 -1 37 -1 37 -1 37 -1 37 -1 37 -1 37 -1 37 -1 25 -1 13 -1 37 -1 9 -1 36 -1 37 -1 37 -1 37 -1 37 -1 37 -1 37 -1 37 -1 37 -1 35 -1 37 -1 37 -1 37 -1 37 -1 37 -1 37 -1 37 -1 37 -1 37 -1 37 -1 37 -1 37 -1 37 -1 37 -1 27 -1 3 -1 37 -1 37 -1 37 -1 37 -1 37 -1 37 -1 55 -1 37 -1 37 -1 37 -1 13 -1 37 -1 10 -1 38 -1 37 -1 10 -1 38 -1 13 -1 37 -1 37 -1 37 -1 20 -1 13 -1 37 -1 40 -1 39 -1 40 -1 41 -1 32 -1 10 -1 38 -1 41 -1 10 -1 38 -1 13 -1 37 -1 37 -1 13 -1 37 -1 13 -1 37 -1 37 -1 37 -1 13 -1 37 -1 13 -1 37 -1 37 -1 13 -1 37 -1 37 -1 37 -1 41 -1 10 -1 38 -1 10 -1 38 -1 41 -1 8 -1 40 -1 39 -1 40 -1 13 -1 37 -1 37 -1 40 -1 39 -1 40 -1 39 -1 40 -1 37 -1 13 -1 37 -1 39 -1 40 -1 40 -1 40 -1 40 -1 39 -1 40 -1 37 -1 37 -1 41 -1 38 -1 10 -1 38 -1 41 -1 13 -1 37 -1 37 -1 40 -1 40 -1 37 -1 37 -1 13 -1 37 -1 37 -1 37 -1 37 -1 37 -1 37 -1 37 -1 37 -1 37 -1 37 -1 13 -1 37 -1 37 -1 10 -1 38 -1 38 -1 37 -1 37 -1 38 -1 38 -1 37 -1 13 -1 37 -1 13 -1 37 -1 37 -1 37 -1 38 -1 38 -1 13 -1 37 -1 37 -1 37 -1 38 -1 13 -1 37 -1 37 -1 10 -1 38 -1 40 -1 40 -1 13 -1 37 -1 13 -1 37 -1 13 -1 37 -1 13 -1 37 -1 37 -1 37 -1 10 -1 38 -1 38 -1 37 -1 37 -1 42 -1 7 -1 37 -1 37 -1 37 -1 37 -1 4 -1 37 -1 37 -1 37 -1 14 -1 21 -1 37 -1 37 -1 37 -1 37 -1 34 -1 44 -1 37 -1 37 -1 37 -1 37 -1 12 -1 37 -1 37 -1 37 -1 13 -1 37 -1 37 -1 13 -1 37 -1 45 -1 15 -1 37 -1 37 -1 11 -1 37 -1 37 -1 37 -1 37 -1 37 -1 32 -1 13 -1 37 -1 37 -1 13 -1 37 -1 37 -1 52 -1 37 -1 37 -1 37 -1 37 -1 37 -1 37 -1 13 -1 37 -1 37 -1 13 -1 37 -1 37 -1 37 -1 37 -1 40 -1 40 -1 37 -1 37 -1 37 -1 37 -1 37 -1 37 -1 37 -1 37 -1 37 -1 37 -1 25 -1 37 -1 37 -1 37 -1 37 -1 37 -1 37 -1 37 -1 37 -1 37 -1 37 -1 13 -1 37 -1 9 -1 13 -1 37 -1 37 -1 37 -1 37 -1 37 -1 37 -1 37 -1 37 -1 37 -1 37 -1 37 -1 37 -1 37 -1 37 -1 37 -1 37 -1 37 -1 37 -1 37 -1 37 -1 37 -1 37 -1 37 -1 37 -1 37 -1 37 -1 37 -1 37 -1 37 -1 37 -1 37 -1 37 -1 35 -1 37 -1 13 -1 37 -1 37 -1 10 -1 38 -1 13 -1 37 -1 38 -1 38 -1 37 -1 10 -1 38 -1 27 -1 13 -1 37 -1 3 -1 55 -1 13 -1 37 -1 37 -1 37 -1 38 -1 37 -1 38 -1 38 -1 37 -1 38 -1 13 -1 37 -1 20 -1 13 -1 37 -1 38 -1 38 -1 38 -1 38 -1 13 -1 37 -1 13 -1 37 -1 13 -1 37 -1 37 -1 40 -1 40 -1 40 -1 39 -1 40 -1 38 -1 37 -1 37 -1 38 -1 37 -1 37 -1 37 -1 37 -1 37 -1 8 -1 37 -1 37 -1 37 -1 37 -1 13 -1 37 -1 13 -1 37 -1 37 -1 37 -1 37 -1 37 -1 37 -1 13 -1 37 -1 13 -1 37 -1 13 -1 37 -1 13 -1 37 -1 13 -1 37 -1 13 -1 37 -1 13 -1 37 -1 37 -1 37 -1 37 -1 37 -1 37 -1 37 -1 37 -1 37 -1 37 -1 37 -1 37 -1 10 -1 38 -1 10 -1 38 -1 13 -1 37 -1 38 -1 37 -1 38 -1 40 -1 40 -1 37 -1 37 -1 40 -1 37 -1 37 -1 39 -1 40 -1 40 -1 33 -1 40 -1 37 -1 37 -1 37 -1 40 -1 37 -1 40 -1 40 -1 39 -1 40 -1 13 -1 37 -1 13 -1 37 -1 37 -1 37 -1 37 -1 37 -1 37 -1 37 -1 13 -1 37 -1 37 -1 40 -1 37 -1 40 -1 40 -1 13 -1 37 -1 40 -1 13 -1 37 -1 13 -1 37 -1 37 -1 4 -1 37 -1 40 -1 40 -1 40 -1 14 -1 21 -1 40 -1 40 -1 40 -1 34 -1 44 -1 38 -1 45 -1 54 -1 38 -1 45 -1 54 -1 13 -1 37 -1 12 -1 15 -1 17 -1 56 -1 56 -1 17 -1 54 -1 37 -1 10 -1 38 -1 13 -1 37 -1 45 -1 54 -1 37 -1 10 -1 38 -1 40 -1 39 -1 40 -1 37 -1 37 -1 40 -1 40 -1 37 -1 37 -1 37 -1 37 -1 40 -1 11 -1 40 -1 32 -1 37 -1 37 -1 37 -1 37 -1 37 -1 37 -1 37 -1 37 -1 37 -1 40 -1 40 -1 37 -1 37 -1 52 -1 37 -1 40 -1 40 -1 40 -1 40 -1 10 -1 38 -1 38 -1 40 -1 40 -1 37 -1 37 -1 37 -1 37 -1 37 -1 37 -1 37 -1 37 -1 40 -1 40 -1 37 -1 37 -1 38 -1 13 -1 37 -1 38 -1 38 -1 37 -1 38 -1 40 -1 40 -1 40 -1 25 -1 40 -1 13 -1 37 -1 37 -1 37 -1 37 -1 37 -1 37 -1 37 -1 37 -1 9 -1 37 -1 36 -1 37 -1 37 -1 37 -1 37 -1 37 -1 37 -1 37 -1 37 -1 37 -1 37 -1 37 -1 37 -1 37 -1 37 -1 37 -1 35 -1 40 -1 40 -1 37 -1 37 -1 37 -1 37 -1 37 -1 37 -1 37 -1 37 -1 37 -1 37 -1 37 -1 37 -1 27 -1 37 -1 37 -1 37 -1 3 -1 37 -1 37 -1 37 -1 37 -1 37 -1 13 -1 37 -1 37 -1 40 -1 40 -1 37 -1 37 -1 40 -1 20 -1 39 -1 40 -1 37 -1 37 -1 13 -1 37 -1 37 -1 37 -1 37 -1 37 -1 37 -1 38 -1 38 -1 13 -1 37 -1 -2
37 -1 10 -1 38 -1 13 -1 37 -1 41 -1 32 -1 37 -1 10 -1 38 -1 10 -1 38 -1 38 -1 38 -1 38 -1 38 -1 13 -1 37 -1 13 -1 37 -1 20 -1 13 -1 37 -1 37 -1 13 -1 37 -1 13 -1 37 -1 37 -1 37 -1 38 -1 38 -1 37 -1 37 -1 37 -1 37 -1 38 -1 38 -1 7 -1 38 -1 10 -1 38 -1 41 -1 10 -1 38 -1 38 -1 13 -1 37 -1 37 -1 37 -1 37 -1 37 -1 37 -1 38 -1 13 -1 37 -1 13 -1 37 -1 38 -1 13 -1 37 -1 37 -1 13 -1 37 -1 13 -1 37 -1 37 -1 37 -1 37 -1 37 -1 13 -1 37 -1 37 -1 13 -1 37 -1 37 -1 37 -1 37 -1 40 -1 39 -1 40 -1 13 -1 37 -1 37 -1 40 -1 37 -1 40 -1 13 -1 37 -1 40 -1 40 -1 37 -1 37 -1 40 -1 40 -1 38 -1 37 -1 13 -1 37 -1 38 -1 39 -1 40 -1 13 -1 37 -1 39 -1 40 -1 13 -1 37 -1 40 -1 61 -1 39 -1 40 -1 13 -1 37 -1 37 -1 37 -1 37 -1 37 -1 37 -1 37 -1 37 -1 37 -1 37 -1 37 -1 37 -1 37 -1 37 -1 33 -1 37 -1 37 -1 37 -1 37 -1 25 -1 39 -1 40 -1 8 -1 13 -1 37 -1 40 -1 37 -1 37 -1 37 -1 40 -1 40 -1 13 -1 37 -1 37 -1 13 -1 37 -1 37 -1 37 -1 37 -1 37 -1 37 -1 37 -1 37 -1 37 -1 37 -1 37 -1 37 -1 13 -1 37 -1 13 -1 37 -1 40 -1 41 -1 39 -1 40 -1 10 -1 38 -1 10 -1 38 -1 13 -1 37 -1 37 -1 37 -1 13 -1 37 -1 38 -1 38 -1 38 -1 10 -1 38 -1 41 -1 39 -1 40 -1 13 -1 37 -1 40 -1 37 -1 40 -1 39 -1 40 -1 39 -1 40 -1 40 -1 37 -1 37 -1 40 -1 40 -1 13 -1 37 -1 37 -1 37 -1 37 -1 40 -1 40 -1 40 -1 40 -1 13 -1 37 -1 37 -1 39 -1 40 -1 13 -1 37 -1 39 -1 40 -1 37 -1 37 -1 37 -1 40 -1 39 -1 40 -1 13 -1 37 -1 37 -1 37 -1 37 -1 37 -1 37 -1 40 -1 40 -1 39 -1 40 -1 40 -1 40 -1 40 -1 40 -1 13 -1 37 -1 40 -1 37 -1 37 -1 37 -1 37 -1 37 -1 37 -1 37 -1 37 -1 37 -1 37 -1 37 -1 37 -1 13 -1 37 -1 40 -1 39 -1 40 -1 40 -1 39 -1 40 -1 13 -1 37 -1 37 -1 13 -1 37 -1 37 -1 13 -1 37 -1 13 -1 37 -1 37 -1 37 -1 37 -1 37 -1 40 -1 40 -1 40 -1 39 -1 40 -1 13 -1 37 -1 37 -1 37 -1 13 -1 37 -1 13 -1 37 -1 13 -1 37 -1 37 -1 37 -1 13 -1 37 -1 37 -1 13 -1 37 -1 36 -1 37 -1 37 -1 37 -1 37 -1 37 -1 37 -1 37 -1 43 -1 40 -1 40 -1 40 -1 40 -1 40 -1 39 -1 40 -1 40 -1 40 -1 40 -1 13 -1 37 -1 40 -1 42 -1 14 -1 3 -1 21 -1 40 -1 40 -1 40 -1 35 -1 37 -1 40 -1 37 -1 44 -1 11 -1 37 -1 40 -1 12 -1 15 -1 40 -1 40 -1 37 -1 39 -1 40 -1 13 -1 37 -1 40 -1 39 -1 40 -1 40 -1 45 -1 39 -1 40 -1 37 -1 37 -1 37 -1 20 -1 37 -1 37 -1 13 -1 37 -1 13 -1 37 -1 37 -1 37 -1 4 -1 13 -1 37 -1 13 -1 37 -1 -2
