47 -1 8 -1 42 -1 30 -1 30 -1 47 -1 -2
47 -1 42 -1 30 -1 42 -1 30 -1 42 -1 30 -1 47 -1 30 -1 -2
47 -1 30 -1 30 -1 30 -1 47 -1 30 -1 -2
47 -1 42 -1 30 -1 6 -1 42 -1 30 -1 47 -1 30 -1 7 -1 42 -1 30 -1 -2
47 -1 42 -1 30 -1 47 -1 30 -1 -2
47 -1 42 -1 30 -1 30 -1 42 -1 30 -1 42 -1 30 -1 42 -1 30 -1 42 -1 30 -1 47 -1 -2
47 -1 30 -1 30 -1 47 -1 30 -1 30 -1 -2
47 -1 30 -1 30 -1 47 -1 30 -1 30 -1 -2
47 -1 42 -1 30 -1 42 -1 30 -1 30 -1 42 -1 30 -1 47 -1 42 -1 30 -1 30 -1 -2
47 -1 42 -1 30 -1 42 -1 30 -1 47 -1 42 -1 30 -1 21 -1 30 -1 30 -1 30 -1 -2
47 -1 30 -1 25 -1 30 -1 47 -1 30 -1 30 -1 30 -1 30 -1 -2
47 -1 30 -1 30 -1 47 -1 30 -1 30 -1 -2
47 -1 30 -1 30 -1 47 -1 30 -1 30 -1 -2
47 -1 30 -1 42 -1 30 -1 47 -1 42 -1 30 -1 42 -1 30 -1 -2
47 -1 42 -1 30 -1 47 -1 42 -1 30 -1 -2
47 -1 30 -1 30 -1 47 -1 30 -1 30 -1 -2
47 -1 30 -1 42 -1 30 -1 47 -1 42 -1 30 -1 30 -1 -2
47 -1 30 -1 42 -1 30 -1 30 -1 42 -1 30 -1 42 -1 30 -1 47 -1 30 -1 -2
47 -1 42 -1 30 -1 42 -1 30 -1 47 -1 42 -1 30 -1 30 -1 -2
47 -1 42 -1 30 -1 42 -1 30 -1 42 -1 30 -1 47 -1 42 -1 30 -1 -2
47 -1 30 -1 42 -1 30 -1 47 -1 42 -1 30 -1 30 -1 -2
47 -1 42 -1 30 -1 42 -1 30 -1 47 -1 42 -1 30 -1 30 -1 -2
47 -1 42 -1 30 -1 47 -1 42 -1 30 -1 -2
47 -1 30 -1 42 -1 30 -1 42 -1 30 -1 47 -1 30 -1 -2
47 -1 42 -1 30 -1 30 -1 30 -1 42 -1 30 -1 42 -1 30 -1 47 -1 42 -1 30 -1 30 -1 30 -1 -2
47 -1 30 -1 42 -1 30 -1 42 -1 30 -1 47 -1 42 -1 30 -1 30 -1 30 -1 45 -1 68 -1 42 -1 30 -1 10 -1 39 -1 42 -1 30 -1 36 -1 30 -1 30 -1 30 -1 30 -1 -2
47 -1 30 -1 42 -1 30 -1 47 -1 42 -1 30 -1 42 -1 30 -1 -2
47 -1 42 -1 30 -1 42 -1 30 -1 47 -1 42 -1 30 -1 30 -1 -2
47 -1 30 -1 42 -1 30 -1 47 -1 42 -1 30 -1 30 -1 -2
47 -1 30 -1 30 -1 47 -1 30 -1 30 -1 -2
47 -1 30 -1 47 -1 42 -1 30 -1 -2
47 -1 42 -1 30 -1 42 -1 30 -1 42 -1 30 -1 47 -1 42 -1 30 -1 -2
47 -1 42 -1 30 -1 42 -1 30 -1 42 -1 30 -1 30 -1 30 -1 30 -1 30 -1 30 -1 30 -1 42 -1 30 -1 47 -1 -2
47 -1 42 -1 30 -1 42 -1 30 -1 42 -1 30 -1 47 -1 42 -1 30 -1 -2
47 -1 30 -1 42 -1 30 -1 42 -1 30 -1 42 -1 30 -1 30 -1 47 -1 30 -1 -2
47 -1 30 -1 42 -1 30 -1 47 -1 42 -1 30 -1 30 -1 -2
47 -1 42 -1 30 -1 42 -1 30 -1 47 -1 42 -1 30 -1 30 -1 30 -1 30 -1 -2
47 -1 42 -1 30 -1 34 -1 12 -1 42 -1 30 -1 42 -1 30 -1 47 -1 42 -1 30 -1 -2
47 -1 42 -1 30 -1 42 -1 30 -1 47 -1 42 -1 30 -1 30 -1 -2
47 -1 42 -1 30 -1 30 -1 30 -1 30 -1 42 -1 30 -1 30 -1 -2
47 -1 42 -1 30 -1 47 -1 42 -1 30 -1 -2
47 -1 42 -1 30 -1 42 -1 30 -1 42 -1 30 -1 47 -1 42 -1 30 -1 30 -1 30 -1 -2
47 -1 42 -1 30 -1 42 -1 30 -1 42 -1 30 -1 42 -1 30 -1 47 -1 42 -1 30 -1 30 -1 -2
47 -1 30 -1 45 -1 68 -1 47 -1 42 -1 42 -1 30 -1 10 -1 30 -1 42 -1 30 -1 -2
47 -1 30 -1 42 -1 30 -1 42 -1 30 -1 42 -1 30 -1 42 -1 30 -1 47 -1 30 -1 30 -1 30 -1 -2
47 -1 30 -1 42 -1 30 -1 54 -1 30 -1 13 -1 37 -1 42 -1 30 -1 47 -1 -2
47 -1 30 -1 47 -1 42 -1 30 -1 45 -1 54 -1 54 -1 -2
47 -1 42 -1 30 -1 42 -1 30 -1 42 -1 30 -1 42 -1 30 -1 47 -1 30 -1 30 -1 54 -1 45 -1 54 -1 -2
47 -1 30 -1 30 -1 47 -1 30 -1 42 -1 30 -1 -2
47 -1 30 -1 30 -1 47 -1 30 -1 42 -1 30 -1 -2
47 -1 30 -1 42 -1 30 -1 47 -1 42 -1 30 -1 30 -1 -2
47 -1 30 -1 42 -1 30 -1 47 -1 30 -1 30 -1 -2
47 -1 30 -1 47 -1 42 -1 30 -1 -2
47 -1 42 -1 30 -1 42 -1 30 -1 47 -1 42 -1 30 -1 42 -1 30 -1 -2
47 -1 42 -1 30 -1 42 -1 30 -1 42 -1 30 -1 42 -1 30 -1 47 -1 30 -1 30 -1 -2
47 -1 30 -1 30 -1 30 -1 47 -1 30 -1 -2
47 -1 42 -1 30 -1 42 -1 30 -1 42 -1 30 -1 47 -1 30 -1 30 -1 30 -1 -2
47 -1 42 -1 30 -1 42 -1 30 -1 47 -1 42 -1 30 -1 30 -1 -2
47 -1 30 -1 42 -1 30 -1 47 -1 30 -1 30 -1 -2
47 -1 42 -1 30 -1 42 -1 30 -1 47 -1 42 -1 30 -1 30 -1 -2
47 -1 42 -1 30 -1 47 -1 42 -1 30 -1 -2
47 -1 30 -1 47 -1 30 -1 -2
47 -1 30 -1 30 -1 47 -1 30 -1 30 -1 -2
47 -1 30 -1 30 -1 47 -1 30 -1 30 -1 -2
47 -1 30 -1 42 -1 30 -1 47 -1 30 -1 30 -1 -2
47 -1 42 -1 30 -1 42 -1 30 -1 47 -1 42 -1 30 -1 42 -1 30 -1 -2
47 -1 30 -1 42 -1 30 -1 -2
47 -1 42 -1 30 -1 42 -1 30 -1 30 -1 42 -1 30 -1 47 -1 42 -1 30 -1 42 -1 30 -1 -2
47 -1 42 -1 30 -1 30 -1 47 -1 42 -1 30 -1 30 -1 -2
47 -1 30 -1 42 -1 30 -1 42 -1 30 -1 42 -1 30 -1 47 -1 30 -1 30 -1 -2
47 -1 30 -1 42 -1 30 -1 47 -1 42 -1 30 -1 30 -1 -2
47 -1 42 -1 30 -1 42 -1 30 -1 42 -1 30 -1 47 -1 30 -1 -2
47 -1 30 -1 7 -1 47 -1 30 -1 -2
47 -1 70 -1 30 -1 42 -1 30 -1 30 -1 30 -1 42 -1 30 -1 30 -1 -2
47 -1 70 -1 42 -1 30 -1 42 -1 30 -1 30 -1 30 -1 -2
47 -1 70 -1 30 -1 42 -1 30 -1 42 -1 30 -1 47 -1 42 -1 30 -1 -2
47 -1 42 -1 30 -1 42 -1 30 -1 47 -1 30 -1 30 -1 -2
47 -1 42 -1 30 -1 42 -1 30 -1 42 -1 30 -1 42 -1 30 -1 47 -1 42 -1 30 -1 30 -1 -2
47 -1 42 -1 30 -1 42 -1 30 -1 42 -1 30 -1 47 -1 30 -1 -2
47 -1 30 -1 42 -1 30 -1 42 -1 30 -1 27 -1 47 -1 42 -1 30 -1 -2
47 -1 30 -1 42 -1 30 -1 42 -1 30 -1 47 -1 42 -1 30 -1 -2
47 -1 30 -1 20 -1 9 -1 42 -1 30 -1 47 -1 30 -1 30 -1 -2
47 -1 30 -1 42 -1 30 -1 47 -1 -2
47 -1 42 -1 30 -1 54 -1 37 -1 42 -1 30 -1 37 -1 15 -1 17 -1 37 -1 14 -1 56 -1 54 -1 37 -1 37 -1 35 -1 50 -1 63 -1 56 -1 12 -1 46 -1 17 -1 37 -1 46 -1 47 -1 -2
47 -1 30 -1 42 -1 30 -1 -2
47 -1 30 -1 42 -1 30 -1 42 -1 30 -1 47 -1 30 -1 -2
47 -1 30 -1 42 -1 30 -1 42 -1 30 -1 42 -1 30 -1 47 -1 -2
47 -1 44 -1 11 -1 30 -1 34 -1 27 -1 42 -1 30 -1 12 -1 47 -1 42 -1 30 -1 35 -1 30 -1 -2
47 -1 30 -1 42 -1 30 -1 47 -1 42 -1 30 -1 30 -1 30 -1 42 -1 30 -1 -2
47 -1 42 -1 30 -1 42 -1 30 -1 47 -1 42 -1 30 -1 30 -1 -2
47 -1 30 -1 42 -1 30 -1 42 -1 30 -1 42 -1 68 -1 30 -1 45 -1 47 -1 42 -1 30 -1 10 -1 30 -1 -2
47 -1 42 -1 30 -1 42 -1 30 -1 47 -1 42 -1 30 -1 30 -1 -2
47 -1 42 -1 30 -1 42 -1 30 -1 -2
47 -1 30 -1 30 -1 47 -1 30 -1 42 -1 30 -1 -2
47 -1 42 -1 30 -1 42 -1 30 -1 30 -1 30 -1 47 -1 42 -1 30 -1 30 -1 -2
47 -1 42 -1 30 -1 42 -1 30 -1 47 -1 42 -1 30 -1 30 -1 -2
47 -1 42 -1 30 -1 30 -1 47 -1 42 -1 30 -1 42 -1 30 -1 -2
47 -1 30 -1 47 -1 42 -1 30 -1 -2
47 -1 30 -1 42 -1 30 -1 30 -1 47 -1 42 -1 30 -1 30 -1 30 -1 -2
47 -1 30 -1 30 -1 47 -1 42 -1 30 -1 30 -1 -2
47 -1 42 -1 30 -1 42 -1 30 -1 47 -1 42 -1 30 -1 30 -1 -2
47 -1 42 -1 30 -1 21 -1 30 -1 47 -1 42 -1 30 -1 42 -1 30 -1 -2
47 -1 30 -1 42 -1 30 -1 47 -1 42 -1 30 -1 30 -1 -2
47 -1 30 -1 47 -1 30 -1 -2
47 -1 30 -1 47 -1 42 -1 30 -1 -2
47 -1 30 -1 42 -1 30 -1 42 -1 30 -1 47 -1 30 -1 -2
47 -1 30 -1 68 -1 45 -1 42 -1 45 -1 54 -1 42 -1 30 -1 -2
47 -1 30 -1 42 -1 30 -1 42 -1 30 -1 47 -1 30 -1 -2
47 -1 42 -1 30 -1 42 -1 30 -1 47 -1 30 -1 30 -1 -2
47 -1 30 -1 42 -1 30 -1 42 -1 30 -1 42 -1 30 -1 47 -1 42 -1 30 -1 30 -1 -2
