37 -1 37 -1 37 -1 38 -1 37 -1 37 -1 37 -1 37 -1 38 -1 54 -1 13 -1 37 -1 38 -1 54 -1 17 -1 56 -1 17 -1 37 -1 50 -1 -2
37 -1 41 -1 13 -1 37 -1 37 -1 37 -1 37 -1 10 -1 38 -1 13 -1 37 -1 38 -1 38 -1 13 -1 37 -1 38 -1 13 -1 37 -1 37 -1 37 -1 37 -1 38 -1 -2
54 -1 13 -1 39 -1 10 -1 10 -1 38 -1 45 -1 54 -1 13 -1 37 -1 38 -1 13 -1 37 -1 37 -1 37 -1 37 -1 38 -1 38 -1 57 -1 38 -1 38 -1 38 -1 57 -1 38 -1 13 -1 37 -1 37 -1 38 -1 13 -1 37 -1 38 -1 38 -1 38 -1 38 -1 38 -1 38 -1 38 -1 38 -1 38 -1 38 -1 38 -1 38 -1 38 -1 38 -1 13 -1 37 -1 38 -1 13 -1 37 -1 37 -1 37 -1 37 -1 37 -1 13 -1 37 -1 38 -1 38 -1 37 -1 37 -1 38 -1 38 -1 13 -1 37 -1 13 -1 37 -1 -2
37 -1 13 -1 37 -1 37 -1 13 -1 37 -1 13 -1 37 -1 37 -1 37 -1 13 -1 37 -1 37 -1 37 -1 37 -1 38 -1 37 -1 42 -1 10 -1 38 -1 45 -1 54 -1 13 -1 37 -1 39 -1 13 -1 37 -1 -2
37 -1 57 -1 10 -1 38 -1 38 -1 37 -1 38 -1 37 -1 38 -1 37 -1 38 -1 37 -1 38 -1 37 -1 37 -1 38 -1 38 -1 57 -1 38 -1 45 -1 54 -1 13 -1 37 -1 10 -1 38 -1 39 -1 13 -1 45 -1 54 -1 54 -1 37 -1 -2
37 -1 38 -1 38 -1 13 -1 37 -1 38 -1 37 -1 10 -1 38 -1 13 -1 37 -1 37 -1 38 -1 -2
37 -1 50 -1 50 -1 37 -1 37 -1 46 -1 50 -1 37 -1 17 -1 54 -1 17 -1 13 -1 39 -1 10 -1 38 -1 45 -1 54 -1 13 -1 37 -1 -2
37 -1 38 -1 37 -1 37 -1 54 -1 38 -1 37 -1 38 -1 37 -1 38 -1 37 -1 38 -1 37 -1 38 -1 41 -1 41 -1 37 -1 37 -1 41 -1 10 -1 38 -1 38 -1 41 -1 10 -1 38 -1 54 -1 38 -1 37 -1 -2
37 -1 57 -1 32 -1 38 -1 57 -1 38 -1 41 -1 13 -1 37 -1 37 -1 8 -1 41 -1 38 -1 13 -1 37 -1 38 -1 54 -1 37 -1 37 -1 54 -1 56 -1 37 -1 50 -1 56 -1 46 -1 37 -1 46 -1 50 -1 48 -1 -2
37 -1 37 -1 13 -1 10 -1 39 -1 38 -1 45 -1 54 -1 13 -1 37 -1 38 -1 37 -1 37 -1 37 -1 37 -1 37 -1 37 -1 37 -1 37 -1 -2
37 -1 12 -1 46 -1 37 -1 50 -1 17 -1 54 -1 17 -1 39 -1 10 -1 13 -1 38 -1 45 -1 54 -1 13 -1 37 -1 -2
37 -1 56 -1 46 -1 37 -1 17 -1 50 -1 56 -1 17 -1 54 -1 10 -1 39 -1 13 -1 37 -1 10 -1 38 -1 45 -1 54 -1 37 -1 37 -1 38 -1 13 -1 37 -1 37 -1 13 -1 37 -1 37 -1 37 -1 13 -1 37 -1 13 -1 37 -1 13 -1 37 -1 37 -1 37 -1 10 -1 38 -1 45 -1 54 -1 13 -1 37 -1 10 -1 38 -1 13 -1 39 -1 37 -1 -2
38 -1 45 -1 54 -1 10 -1 38 -1 13 -1 37 -1 17 -1 38 -1 45 -1 54 -1 37 -1 37 -1 38 -1 39 -1 54 -1 10 -1 38 -1 13 -1 37 -1 39 -1 40 -1 38 -1 39 -1 40 -1 13 -1 37 -1 37 -1 40 -1 40 -1 40 -1 40 -1 10 -1 38 -1 45 -1 54 -1 13 -1 37 -1 -2
37 -1 38 -1 37 -1 37 -1 38 -1 37 -1 54 -1 38 -1 54 -1 17 -1 35 -1 50 -1 13 -1 37 -1 46 -1 37 -1 -2
37 -1 45 -1 54 -1 38 -1 13 -1 37 -1 4 -1 37 -1 13 -1 37 -1 37 -1 37 -1 37 -1 37 -1 37 -1 13 -1 37 -1 37 -1 13 -1 37 -1 37 -1 37 -1 37 -1 42 -1 37 -1 37 -1 37 -1 37 -1 39 -1 40 -1 13 -1 37 -1 37 -1 39 -1 40 -1 13 -1 37 -1 37 -1 37 -1 37 -1 37 -1 37 -1 55 -1 37 -1 37 -1 37 -1 37 -1 37 -1 13 -1 37 -1 38 -1 37 -1 13 -1 37 -1 38 -1 -2
37 -1 38 -1 8 -1 37 -1 38 -1 38 -1 38 -1 13 -1 37 -1 38 -1 39 -1 40 -1 39 -1 40 -1 40 -1 13 -1 37 -1 37 -1 40 -1 13 -1 37 -1 40 -1 37 -1 40 -1 37 -1 37 -1 37 -1 40 -1 37 -1 37 -1 40 -1 39 -1 40 -1 40 -1 40 -1 37 -1 40 -1 37 -1 13 -1 37 -1 40 -1 39 -1 40 -1 13 -1 37 -1 39 -1 40 -1 37 -1 -2
39 -1 10 -1 38 -1 45 -1 54 -1 37 -1 10 -1 38 -1 13 -1 37 -1 37 -1 37 -1 25 -1 41 -1 37 -1 -2
37 -1 13 -1 37 -1 13 -1 37 -1 38 -1 13 -1 37 -1 37 -1 37 -1 37 -1 41 -1 -2
37 -1 38 -1 38 -1 38 -1 37 -1 37 -1 37 -1 37 -1 37 -1 37 -1 37 -1 37 -1 40 -1 40 -1 37 -1 37 -1 37 -1 37 -1 40 -1 40 -1 38 -1 54 -1 37 -1 38 -1 54 -1 56 -1 17 -1 37 -1 35 -1 50 -1 12 -1 46 -1 -2
37 -1 45 -1 54 -1 38 -1 37 -1 37 -1 38 -1 37 -1 37 -1 38 -1 38 -1 41 -1 10 -1 38 -1 13 -1 -2
19 -1 3 -1 22 -1 22 -1 21 -1 19 -1 22 -1 19 -1 22 -1 21 -1 19 -1 3 -1 22 -1 19 -1 19 -1 19 -1 34 -1 23 -1 19 -1 23 -1 3 -1 22 -1 -2
22 -1 19 -1 19 -1 22 -1 22 -1 19 -1 19 -1 22 -1 3 -1 22 -1 34 -1 23 -1 21 -1 19 -1 22 -1 19 -1 -2
19 -1 21 -1 19 -1 21 -1 19 -1 19 -1 19 -1 19 -1 19 -1 19 -1 19 -1 21 -1 19 -1 -2
22 -1 19 -1 24 -1 22 -1 22 -1 23 -1 19 -1 22 -1 21 -1 19 -1 19 -1 3 -1 22 -1 19 -1 22 -1 19 -1 -2
19 -1 3 -1 22 -1 19 -1 19 -1 19 -1 22 -1 22 -1 3 -1 22 -1 21 -1 19 -1 19 -1 22 -1 19 -1 19 -1 -2
23 -1 19 -1 23 -1 22 -1 21 -1 19 -1 19 -1 21 -1 19 -1 19 -1 22 -1 22 -1 3 -1 22 -1 22 -1 -2
22 -1 19 -1 24 -1 19 -1 22 -1 23 -1 21 -1 19 -1 19 -1 19 -1 3 -1 22 -1 19 -1 22 -1 -2
19 -1 19 -1 19 -1 19 -1 19 -1 19 -1 21 -1 19 -1 22 -1 21 -1 19 -1 19 -1 21 -1 19 -1 3 -1 22 -1 21 -1 19 -1 3 -1 22 -1 19 -1 22 -1 -2
23 -1 21 -1 19 -1 3 -1 22 -1 34 -1 23 -1 3 -1 22 -1 19 -1 21 -1 19 -1 21 -1 19 -1 19 -1 21 -1 19 -1 19 -1 19 -1 -2
19 -1 19 -1 19 -1 19 -1 19 -1 22 -1 3 -1 22 -1 19 -1 22 -1 19 -1 22 -1 19 -1 22 -1 21 -1 19 -1 51 -1 52 -1 3 -1 22 -1 19 -1 -2
19 -1 3 -1 22 -1 22 -1 22 -1 21 -1 19 -1 22 -1 19 -1 21 -1 19 -1 21 -1 19 -1 19 -1 19 -1 19 -1 21 -1 19 -1 22 -1 21 -1 19 -1 22 -1 21 -1 19 -1 22 -1 21 -1 19 -1 19 -1 34 -1 23 -1 21 -1 19 -1 3 -1 22 -1 23 -1 -2
19 -1 34 -1 23 -1 19 -1 34 -1 23 -1 34 -1 23 -1 22 -1 23 -1 23 -1 22 -1 23 -1 19 -1 22 -1 19 -1 23 -1 23 -1 22 -1 23 -1 34 -1 23 -1 34 -1 23 -1 19 -1 22 -1 19 -1 22 -1 34 -1 23 -1 22 -1 22 -1 22 -1 19 -1 34 -1 23 -1 23 -1 21 -1 19 -1 3 -1 22 -1 -2
19 -1 19 -1 19 -1 21 -1 19 -1 19 -1 22 -1 22 -1 3 -1 22 -1 22 -1 21 -1 19 -1 21 -1 19 -1 19 -1 19 -1 19 -1 19 -1 19 -1 3 -1 22 -1 22 -1 -2
19 -1 34 -1 23 -1 19 -1 22 -1 22 -1 21 -1 19 -1 22 -1 19 -1 21 -1 19 -1 19 -1 21 -1 19 -1 22 -1 22 -1 21 -1 19 -1 3 -1 22 -1 22 -1 22 -1 19 -1 19 -1 -2
19 -1 22 -1 22 -1 21 -1 19 -1 19 -1 21 -1 19 -1 19 -1 22 -1 23 -1 21 -1 19 -1 3 -1 22 -1 -2
19 -1 19 -1 34 -1 23 -1 3 -1 22 -1 21 -1 19 -1 22 -1 22 -1 19 -1 -2
19 -1 23 -1 23 -1 3 -1 22 -1 21 -1 19 -1 21 -1 19 -1 21 -1 19 -1 19 -1 3 -1 22 -1 22 -1 -2
22 -1 19 -1 24 -1 19 -1 22 -1 23 -1 22 -1 22 -1 3 -1 22 -1 21 -1 19 -1 3 -1 22 -1 19 -1 -2
