47 -1 30 -1 47 -1 -2
42 -1 30 -1 47 -1 42 -1 30 -1 47 -1 -2
47 -1 42 -1 30 -1 47 -1 -2
30 -1 47 -1 42 -1 30 -1 47 -1 -2
30 -1 47 -1 30 -1 47 -1 -2
30 -1 47 -1 42 -1 30 -1 47 -1 -2
30 -1 47 -1 42 -1 30 -1 47 -1 -2
30 -1 47 -1 42 -1 30 -1 30 -1 42 -1 30 -1 47 -1 -2
30 -1 47 -1 42 -1 30 -1 47 -1 -2
30 -1 47 -1 42 -1 30 -1 47 -1 -2
30 -1 47 -1 42 -1 30 -1 47 -1 -2
47 -1 42 -1 30 -1 42 -1 30 -1 42 -1 30 -1 47 -1 42 -1 30 -1 -2
30 -1 47 -1 42 -1 30 -1 47 -1 -2
30 -1 47 -1 30 -1 47 -1 -2
30 -1 47 -1 30 -1 47 -1 -2
30 -1 47 -1 6 -1 42 -1 30 -1 7 -1 47 -1 -2
30 -1 47 -1 25 -1 42 -1 30 -1 47 -1 -2
30 -1 47 -1 30 -1 47 -1 -2
30 -1 30 -1 30 -1 30 -1 30 -1 20 -1 47 -1 42 -1 30 -1 42 -1 30 -1 42 -1 30 -1 47 -1 -2
30 -1 47 -1 42 -1 30 -1 42 -1 30 -1 42 -1 30 -1 47 -1 -2
54 -1 54 -1 30 -1 30 -1 30 -1 30 -1 42 -1 30 -1 30 -1 30 -1 30 -1 30 -1 3 -1 30 -1 30 -1 30 -1 30 -1 47 -1 70 -1 42 -1 30 -1 -2
30 -1 47 -1 42 -1 30 -1 47 -1 -2
30 -1 30 -1 30 -1 47 -1 30 -1 42 -1 30 -1 42 -1 30 -1 47 -1 -2
30 -1 47 -1 30 -1 30 -1 42 -1 30 -1 42 -1 30 -1 8 -1 47 -1 42 -1 30 -1 -2
30 -1 47 -1 30 -1 47 -1 -2
30 -1 47 -1 42 -1 45 -1 68 -1 47 -1 30 -1 42 -1 30 -1 30 -1 30 -1 47 -1 -2
30 -1 47 -1 42 -1 30 -1 47 -1 -2
30 -1 47 -1 42 -1 30 -1 47 -1 -2
30 -1 68 -1 42 -1 45 -1 30 -1 42 -1 30 -1 42 -1 30 -1 30 -1 68 -1 42 -1 45 -1 47 -1 42 -1 30 -1 42 -1 30 -1 42 -1 30 -1 47 -1 -2
30 -1 47 -1 42 -1 30 -1 47 -1 -2
30 -1 47 -1 42 -1 30 -1 30 -1 47 -1 42 -1 30 -1 47 -1 47 -1 -2
30 -1 30 -1 30 -1 30 -1 1 -1 30 -1 47 -1 42 -1 30 -1 47 -1 -2
30 -1 47 -1 42 -1 30 -1 47 -1 -2
30 -1 47 -1 42 -1 30 -1 47 -1 -2
30 -1 37 -1 47 -1 42 -1 30 -1 47 -1 -2
30 -1 47 -1 42 -1 30 -1 42 -1 30 -1 47 -1 42 -1 30 -1 -2
30 -1 47 -1 42 -1 30 -1 47 -1 -2
30 -1 47 -1 42 -1 30 -1 30 -1 30 -1 30 -1 30 -1 30 -1 30 -1 47 -1 -2
30 -1 47 -1 42 -1 30 -1 47 -1 -2
30 -1 47 -1 30 -1 42 -1 30 -1 42 -1 30 -1 47 -1 -2
30 -1 30 -1 30 -1 30 -1 13 -1 45 -1 54 -1 10 -1 39 -1 45 -1 54 -1 42 -1 30 -1 47 -1 42 -1 30 -1 47 -1 -2
30 -1 47 -1 30 -1 47 -1 -2
30 -1 47 -1 42 -1 30 -1 42 -1 30 -1 42 -1 30 -1 47 -1 -2
30 -1 47 -1 42 -1 30 -1 47 -1 -2
30 -1 30 -1 30 -1 47 -1 42 -1 30 -1 30 -1 42 -1 30 -1 30 -1 47 -1 42 -1 30 -1 -2
30 -1 47 -1 42 -1 30 -1 30 -1 47 -1 42 -1 30 -1 47 -1 30 -1 42 -1 30 -1 47 -1 42 -1 30 -1 30 -1 30 -1 30 -1 30 -1 30 -1 30 -1 30 -1 30 -1 30 -1 30 -1 30 -1 30 -1 30 -1 30 -1 47 -1 42 -1 30 -1 47 -1 -2
30 -1 47 -1 70 -1 42 -1 30 -1 30 -1 42 -1 30 -1 47 -1 -2
30 -1 47 -1 42 -1 30 -1 47 -1 -2
30 -1 68 -1 42 -1 45 -1 30 -1 30 -1 30 -1 68 -1 42 -1 45 -1 42 -1 30 -1 30 -1 54 -1 54 -1 54 -1 45 -1 54 -1 54 -1 45 -1 54 -1 54 -1 54 -1 45 -1 54 -1 54 -1 54 -1 54 -1 42 -1 30 -1 47 -1 42 -1 30 -1 47 -1 -2
30 -1 47 -1 42 -1 30 -1 42 -1 30 -1 42 -1 30 -1 47 -1 -2
30 -1 47 -1 30 -1 47 -1 -2
30 -1 47 -1 33 -1 42 -1 30 -1 47 -1 -2
30 -1 47 -1 42 -1 30 -1 47 -1 -2
30 -1 47 -1 42 -1 30 -1 30 -1 30 -1 30 -1 47 -1 42 -1 30 -1 -2
30 -1 47 -1 30 -1 47 -1 -2
30 -1 42 -1 30 -1 47 -1 -2
30 -1 30 -1 47 -1 42 -1 30 -1 42 -1 30 -1 47 -1 -2
30 -1 47 -1 47 -1 42 -1 30 -1 -2
30 -1 47 -1 42 -1 30 -1 30 -1 47 -1 42 -1 30 -1 -2
30 -1 47 -1 42 -1 30 -1 47 -1 -2
30 -1 47 -1 30 -1 47 -1 -2
47 -1 42 -1 30 -1 30 -1 42 -1 30 -1 47 -1 -2
30 -1 47 -1 42 -1 30 -1 30 -1 42 -1 30 -1 42 -1 30 -1 30 -1 30 -1 42 -1 30 -1 47 -1 -2
30 -1 47 -1 42 -1 30 -1 47 -1 -2
30 -1 47 -1 30 -1 42 -1 30 -1 42 -1 30 -1 47 -1 -2
30 -1 47 -1 47 -1 30 -1 -2
30 -1 47 -1 30 -1 47 -1 -2
30 -1 47 -1 42 -1 30 -1 47 -1 -2
30 -1 45 -1 68 -1 42 -1 47 -1 10 -1 30 -1 47 -1 -2
30 -1 47 -1 42 -1 30 -1 30 -1 42 -1 30 -1 47 -1 -2
30 -1 47 -1 30 -1 47 -1 -2
30 -1 47 -1 42 -1 30 -1 47 -1 -2
30 -1 47 -1 42 -1 30 -1 47 -1 -2
30 -1 47 -1 30 -1 42 -1 30 -1 30 -1 42 -1 30 -1 30 -1 20 -1 47 -1 -2
30 -1 47 -1 30 -1 47 -1 -2
30 -1 47 -1 30 -1 42 -1 30 -1 42 -1 30 -1 30 -1 47 -1 42 -1 30 -1 -2
30 -1 47 -1 30 -1 42 -1 30 -1 13 -1 37 -1 42 -1 30 -1 47 -1 -2
30 -1 47 -1 42 -1 30 -1 47 -1 30 -1 30 -1 -2
30 -1 47 -1 30 -1 47 -1 -2
30 -1 47 -1 70 -1 42 -1 30 -1 47 -1 -2
30 -1 30 -1 68 -1 42 -1 45 -1 30 -1 30 -1 30 -1 30 -1 30 -1 30 -1 42 -1 68 -1 45 -1 47 -1 70 -1 30 -1 30 -1 30 -1 42 -1 30 -1 47 -1 -2
30 -1 47 -1 42 -1 30 -1 42 -1 30 -1 42 -1 30 -1 8 -1 30 -1 42 -1 30 -1 30 -1 30 -1 30 -1 30 -1 30 -1 42 -1 30 -1 30 -1 30 -1 47 -1 70 -1 30 -1 30 -1 54 -1 54 -1 54 -1 54 -1 30 -1 68 -1 42 -1 45 -1 42 -1 30 -1 42 -1 30 -1 68 -1 30 -1 42 -1 45 -1 47 -1 30 -1 42 -1 30 -1 30 -1 42 -1 30 -1 47 -1 -2
30 -1 47 -1 42 -1 30 -1 47 -1 -2
30 -1 47 -1 30 -1 47 -1 -2
30 -1 30 -1 47 -1 42 -1 30 -1 42 -1 30 -1 47 -1 -2
30 -1 47 -1 30 -1 47 -1 -2
30 -1 47 -1 42 -1 30 -1 42 -1 30 -1 42 -1 30 -1 47 -1 -2
30 -1 47 -1 42 -1 30 -1 47 -1 -2
30 -1 47 -1 42 -1 30 -1 -2
30 -1 47 -1 42 -1 30 -1 20 -1 47 -1 -2
30 -1 47 -1 42 -1 30 -1 -2
30 -1 47 -1 42 -1 30 -1 47 -1 -2
30 -1 47 -1 42 -1 30 -1 30 -1 42 -1 30 -1 47 -1 -2
30 -1 30 -1 47 -1 30 -1 42 -1 30 -1 47 -1 -2
30 -1 47 -1 42 -1 30 -1 47 -1 -2
30 -1 47 -1 42 -1 30 -1 47 -1 -2
30 -1 47 -1 42 -1 30 -1 47 -1 -2
30 -1 47 -1 42 -1 30 -1 42 -1 30 -1 42 -1 30 -1 47 -1 -2
30 -1 47 -1 42 -1 30 -1 32 -1 47 -1 -2
30 -1 47 -1 42 -1 30 -1 47 -1 -2
30 -1 47 -1 42 -1 30 -1 47 -1 -2
30 -1 13 -1 13 -1 47 -1 37 -1 30 -1 47 -1 -2
30 -1 47 -1 42 -1 30 -1 47 -1 -2
30 -1 47 -1 42 -1 30 -1 42 -1 30 -1 47 -1 42 -1 30 -1 -2
30 -1 47 -1 30 -1 25 -1 47 -1 -2
30 -1 47 -1 70 -1 42 -1 30 -1 30 -1 30 -1 42 -1 30 -1 47 -1 30 -1 -2
30 -1 47 -1 42 -1 30 -1 30 -1 30 -1 47 -1 -2
30 -1 47 -1 42 -1 30 -1 47 -1 -2
30 -1 47 -1 42 -1 30 -1 42 -1 30 -1 42 -1 30 -1 47 -1 -2
30 -1 47 -1 42 -1 30 -1 47 -1 -2
30 -1 47 -1 30 -1 47 -1 -2
30 -1 47 -1 42 -1 30 -1 47 -1 -2
30 -1 47 -1 42 -1 30 -1 47 -1 -2
30 -1 47 -1 70 -1 42 -1 30 -1 47 -1 -2
30 -1 47 -1 30 -1 47 -1 -2
30 -1 68 -1 30 -1 42 -1 45 -1 42 -1 30 -1 42 -1 30 -1 3 -1 21 -1 42 -1 30 -1 35 -1 30 -1 42 -1 30 -1 44 -1 11 -1 42 -1 45 -1 68 -1 27 -1 47 -1 42 -1 30 -1 42 -1 30 -1 42 -1 30 -1 47 -1 -2
