2 -1 2 -1 2 -1 1 -1 2 -1 2 -1 1 -1 2 -1 2 -1 2 -1 5 -1 5 -1 7 -1 6 -1 6 -1 5 -1 4 -1 2 -1 5 -1 2 -1 42 -1 2 -1 2 -1 2 -1 2 -1 2 -1 2 -1 2 -1 2 -1 2 -1 7 -1 1 -1 36 -1 2 -1 1 -1 2 -1 2 -1 7 -1 1 -1 1 -1 2 -1 2 -1 55 -1 20 -1 2 -1 2 -1 2 -1 2 -1 2 -1 2 -1 25 -1 9 -1 33 -1 11 -1 8 -1 44 -1 12 -1 34 -1 27 -1 14 -1 35 -1 10 -1 55 -1 4 -1 55 -1 35 -1 15 -1 55 -1 11 -1 35 -1 15 -1 5 -1 4 -1 2 -1 2 -1 5 -1 7 -1 6 -1 5 -1 5 -1 4 -1 2 -1 4 -1 2 -1 2 -1 1 -1 1 -1 2 -1 17 -1 14 -1 56 -1 37 -1 -2
1 -1 4 -1 2 -1 1 -1 4 -1 2 -1 5 -1 2 -1 6 -1 5 -1 6 -1 5 -1 7 -1 7 -1 1 -1 4 -1 2 -1 6 -1 5 -1 2 -1 1 -1 1 -1 2 -1 1 -1 2 -1 1 -1 2 -1 58 -1 1 -1 9 -1 7 -1 1 -1 4 -1 2 -1 2 -1 1 -1 5 -1 5 -1 2 -1 4 -1 2 -1 5 -1 5 -1 4 -1 2 -1 5 -1 5 -1 4 -1 2 -1 4 -1 2 -1 25 -1 2 -1 6 -1 5 -1 2 -1 2 -1 6 -1 5 -1 4 -1 2 -1 8 -1 2 -1 6 -1 5 -1 4 -1 2 -1 5 -1 5 -1 5 -1 5 -1 5 -1 5 -1 5 -1 5 -1 5 -1 5 -1 5 -1 5 -1 5 -1 7 -1 4 -1 6 -1 5 -1 5 -1 5 -1 5 -1 5 -1 5 -1 5 -1 5 -1 5 -1 4 -1 2 -1 2 -1 5 -1 5 -1 2 -1 4 -1 2 -1 5 -1 55 -1 5 -1 5 -1 5 -1 5 -1 5 -1 5 -1 28 -1 5 -1 5 -1 5 -1 5 -1 6 -1 5 -1 5 -1 7 -1 1 -1 5 -1 1 -1 5 -1 7 -1 6 -1 5 -1 5 -1 5 -1 4 -1 2 -1 5 -1 2 -1 2 -1 2 -1 2 -1 -2
26 -1 24 -1 33 -1 24 -1 24 -1 25 -1 26 -1 26 -1 26 -1 26 -1 26 -1 25 -1 26 -1 33 -1 24 -1 23 -1 23 -1 26 -1 24 -1 24 -1 24 -1 24 -1 26 -1 25 -1 26 -1 24 -1 24 -1 26 -1 26 -1 24 -1 24 -1 23 -1 25 -1 26 -1 26 -1 24 -1 23 -1 24 -1 34 -1 23 -1 24 -1 3 -1 22 -1 3 -1 22 -1 34 -1 23 -1 3 -1 22 -1 34 -1 23 -1 22 -1 27 -1 29 -1 11 -1 49 -1 29 -1 44 -1 48 -1 49 -1 -2
26 -1 24 -1 26 -1 20 -1 24 -1 23 -1 26 -1 23 -1 24 -1 26 -1 26 -1 24 -1 23 -1 24 -1 23 -1 26 -1 24 -1 26 -1 23 -1 23 -1 24 -1 26 -1 26 -1 24 -1 26 -1 24 -1 23 -1 24 -1 26 -1 26 -1 23 -1 24 -1 24 -1 24 -1 24 -1 26 -1 26 -1 24 -1 26 -1 24 -1 26 -1 26 -1 26 -1 26 -1 26 -1 24 -1 26 -1 24 -1 26 -1 26 -1 26 -1 24 -1 26 -1 24 -1 26 -1 26 -1 24 -1 24 -1 24 -1 24 -1 24 -1 24 -1 26 -1 24 -1 26 -1 24 -1 26 -1 26 -1 26 -1 24 -1 24 -1 26 -1 24 -1 26 -1 24 -1 24 -1 24 -1 24 -1 24 -1 26 -1 26 -1 24 -1 24 -1 24 -1 26 -1 24 -1 24 -1 26 -1 24 -1 26 -1 23 -1 23 -1 26 -1 26 -1 23 -1 -2
24 -1 23 -1 25 -1 26 -1 26 -1 23 -1 26 -1 24 -1 24 -1 24 -1 25 -1 26 -1 25 -1 26 -1 24 -1 24 -1 26 -1 26 -1 24 -1 26 -1 24 -1 26 -1 24 -1 26 -1 24 -1 26 -1 24 -1 26 -1 26 -1 26 -1 24 -1 26 -1 24 -1 26 -1 24 -1 24 -1 26 -1 23 -1 26 -1 23 -1 24 -1 26 -1 24 -1 26 -1 24 -1 24 -1 24 -1 24 -1 24 -1 24 -1 24 -1 26 -1 24 -1 26 -1 26 -1 34 -1 23 -1 25 -1 26 -1 24 -1 23 -1 22 -1 22 -1 22 -1 22 -1 22 -1 22 -1 22 -1 19 -1 22 -1 19 -1 23 -1 23 -1 22 -1 22 -1 22 -1 19 -1 23 -1 19 -1 23 -1 22 -1 22 -1 22 -1 22 -1 22 -1 22 -1 22 -1 22 -1 22 -1 22 -1 22 -1 22 -1 -2
26 -1 23 -1 23 -1 24 -1 23 -1 24 -1 24 -1 26 -1 26 -1 23 -1 24 -1 26 -1 24 -1 23 -1 26 -1 26 -1 26 -1 26 -1 26 -1 26 -1 26 -1 26 -1 24 -1 26 -1 24 -1 23 -1 23 -1 23 -1 24 -1 23 -1 26 -1 24 -1 26 -1 24 -1 23 -1 26 -1 22 -1 -2
24 -1 22 -1 23 -1 24 -1 24 -1 24 -1 24 -1 23 -1 25 -1 26 -1 23 -1 23 -1 23 -1 26 -1 24 -1 25 -1 26 -1 25 -1 26 -1 26 -1 24 -1 23 -1 23 -1 9 -1 26 -1 26 -1 26 -1 24 -1 24 -1 25 -1 26 -1 25 -1 26 -1 24 -1 25 -1 26 -1 24 -1 23 -1 25 -1 26 -1 22 -1 24 -1 22 -1 23 -1 23 -1 24 -1 26 -1 23 -1 26 -1 26 -1 23 -1 26 -1 26 -1 23 -1 26 -1 23 -1 23 -1 26 -1 23 -1 23 -1 26 -1 24 -1 26 -1 24 -1 23 -1 23 -1 25 -1 26 -1 24 -1 24 -1 25 -1 26 -1 24 -1 26 -1 26 -1 24 -1 26 -1 24 -1 24 -1 24 -1 24 -1 26 -1 25 -1 26 -1 25 -1 26 -1 22 -1 26 -1 22 -1 24 -1 24 -1 26 -1 26 -1 24 -1 26 -1 26 -1 24 -1 24 -1 26 -1 24 -1 26 -1 26 -1 26 -1 26 -1 24 -1 26 -1 24 -1 26 -1 23 -1 23 -1 24 -1 26 -1 24 -1 26 -1 26 -1 24 -1 24 -1 26 -1 26 -1 26 -1 24 -1 24 -1 26 -1 24 -1 26 -1 24 -1 24 -1 24 -1 23 -1 24 -1 24 -1 26 -1 23 -1 24 -1 26 -1 24 -1 26 -1 24 -1 26 -1 24 -1 26 -1 26 -1 26 -1 24 -1 24 -1 24 -1 26 -1 24 -1 23 -1 23 -1 26 -1 23 -1 22 -1 24 -1 19 -1 23 -1 19 -1 22 -1 22 -1 22 -1 22 -1 3 -1 22 -1 23 -1 21 -1 19 -1 3 -1 22 -1 34 -1 23 -1 23 -1 -2
24 -1 24 -1 24 -1 25 -1 26 -1 23 -1 23 -1 24 -1 24 -1 23 -1 24 -1 23 -1 25 -1 26 -1 26 -1 26 -1 26 -1 26 -1 26 -1 26 -1 42 -1 26 -1 26 -1 26 -1 33 -1 24 -1 24 -1 24 -1 26 -1 24 -1 26 -1 24 -1 34 -1 23 -1 23 -1 26 -1 24 -1 26 -1 24 -1 23 -1 23 -1 26 -1 24 -1 26 -1 24 -1 25 -1 26 -1 26 -1 34 -1 23 -1 26 -1 22 -1 27 -1 29 -1 33 -1 24 -1 3 -1 22 -1 11 -1 49 -1 44 -1 48 -1 29 -1 11 -1 49 -1 34 -1 23 -1 35 -1 50 -1 48 -1 12 -1 46 -1 50 -1 46 -1 13 -1 37 -1 20 -1 -2
24 -1 34 -1 23 -1 25 -1 26 -1 25 -1 26 -1 33 -1 24 -1 24 -1 26 -1 26 -1 24 -1 24 -1 26 -1 24 -1 26 -1 26 -1 26 -1 26 -1 24 -1 26 -1 23 -1 33 -1 24 -1 22 -1 19 -1 34 -1 23 -1 3 -1 -2
29 -1 48 -1 49 -1 24 -1 29 -1 23 -1 24 -1 24 -1 24 -1 33 -1 24 -1 24 -1 4 -1 22 -1 22 -1 36 -1 55 -1 25 -1 42 -1 10 -1 11 -1 44 -1 34 -1 15 -1 14 -1 33 -1 4 -1 3 -1 36 -1 55 -1 25 -1 33 -1 24 -1 24 -1 24 -1 24 -1 34 -1 23 -1 33 -1 24 -1 24 -1 23 -1 -2
24 -1 23 -1 24 -1 26 -1 24 -1 23 -1 26 -1 24 -1 23 -1 26 -1 24 -1 26 -1 24 -1 26 -1 24 -1 26 -1 26 -1 26 -1 24 -1 26 -1 26 -1 24 -1 24 -1 26 -1 24 -1 24 -1 26 -1 24 -1 24 -1 26 -1 26 -1 24 -1 23 -1 24 -1 23 -1 26 -1 24 -1 26 -1 26 -1 24 -1 26 -1 24 -1 24 -1 23 -1 24 -1 26 -1 23 -1 26 -1 23 -1 26 -1 24 -1 23 -1 24 -1 24 -1 24 -1 26 -1 24 -1 26 -1 24 -1 24 -1 26 -1 24 -1 26 -1 24 -1 26 -1 24 -1 24 -1 26 -1 24 -1 26 -1 23 -1 23 -1 23 -1 26 -1 -2
23 -1 49 -1 17 -1 48 -1 29 -1 49 -1 24 -1 29 -1 23 -1 24 -1 24 -1 23 -1 23 -1 24 -1 24 -1 23 -1 23 -1 23 -1 22 -1 23 -1 24 -1 22 -1 24 -1 24 -1 24 -1 24 -1 55 -1 24 -1 24 -1 24 -1 24 -1 24 -1 24 -1 30 -1 30 -1 24 -1 24 -1 22 -1 22 -1 30 -1 30 -1 70 -1 22 -1 -2
34 -1 23 -1 24 -1 34 -1 23 -1 24 -1 23 -1 24 -1 20 -1 14 -1 15 -1 25 -1 36 -1 22 -1 34 -1 23 -1 29 -1 22 -1 49 -1 48 -1 29 -1 35 -1 50 -1 49 -1 23 -1 46 -1 48 -1 37 -1 46 -1 50 -1 37 -1 70 -1 46 -1 37 -1 35 -1 50 -1 50 -1 13 -1 37 -1 50 -1 46 -1 48 -1 50 -1 34 -1 23 -1 49 -1 29 -1 48 -1 49 -1 29 -1 24 -1 22 -1 24 -1 23 -1 22 -1 8 -1 4 -1 36 -1 70 -1 11 -1 27 -1 34 -1 44 -1 12 -1 3 -1 35 -1 33 -1 8 -1 6 -1 4 -1 7 -1 20 -1 15 -1 14 -1 25 -1 30 -1 30 -1 32 -1 70 -1 34 -1 4 -1 7 -1 20 -1 25 -1 32 -1 24 -1 24 -1 24 -1 24 -1 24 -1 24 -1 22 -1 34 -1 23 -1 24 -1 29 -1 24 -1 22 -1 49 -1 29 -1 44 -1 48 -1 49 -1 35 -1 50 -1 23 -1 12 -1 46 -1 48 -1 37 -1 37 -1 46 -1 50 -1 37 -1 46 -1 37 -1 46 -1 46 -1 37 -1 35 -1 50 -1 37 -1 46 -1 48 -1 50 -1 34 -1 23 -1 11 -1 49 -1 49 -1 48 -1 27 -1 29 -1 29 -1 33 -1 24 -1 70 -1 24 -1 23 -1 23 -1 23 -1 24 -1 22 -1 24 -1 24 -1 22 -1 24 -1 24 -1 24 -1 22 -1 22 -1 8 -1 3 -1 22 -1 22 -1 23 -1 24 -1 22 -1 24 -1 29 -1 22 -1 49 -1 48 -1 29 -1 49 -1 23 -1 50 -1 48 -1 12 -1 46 -1 37 -1 50 -1 50 -1 46 -1 15 -1 17 -1 50 -1 37 -1 14 -1 56 -1 50 -1 56 -1 50 -1 4 -1 2 -1 17 -1 7 -1 1 -1 2 -1 1 -1 1 -1 1 -1 2 -1 1 -1 2 -1 1 -1 1 -1 1 -1 1 -1 1 -1 2 -1 2 -1 1 -1 1 -1 2 -1 2 -1 2 -1 1 -1 1 -1 2 -1 14 -1 56 -1 17 -1 35 -1 50 -1 37 -1 56 -1 46 -1 17 -1 37 -1 44 -1 48 -1 46 -1 23 -1 49 -1 50 -1 11 -1 49 -1 48 -1 34 -1 23 -1 29 -1 23 -1 29 -1 34 -1 23 -1 34 -1 23 -1 29 -1 29 -1 22 -1 34 -1 23 -1 22 -1 33 -1 24 -1 6 -1 24 -1 22 -1 22 -1 20 -1 25 -1 32 -1 36 -1 70 -1 8 -1 4 -1 7 -1 14 -1 13 -1 44 -1 12 -1 35 -1 15 -1 27 -1 34 -1 20 -1 36 -1 70 -1 8 -1 4 -1 7 -1 14 -1 13 -1 11 -1 44 -1 12 -1 35 -1 15 -1 27 -1 34 -1 3 -1 33 -1 6 -1 20 -1 42 -1 25 -1 24 -1 24 -1 36 -1 3 -1 22 -1 22 -1 33 -1 24 -1 24 -1 34 -1 23 -1 23 -1 24 -1 24 -1 23 -1 22 -1 22 -1 27 -1 29 -1 11 -1 49 -1 44 -1 48 -1 29 -1 49 -1 48 -1 35 -1 50 -1 -2
26 -1 23 -1 26 -1 24 -1 26 -1 26 -1 26 -1 26 -1 26 -1 24 -1 26 -1 26 -1 23 -1 23 -1 26 -1 24 -1 24 -1 24 -1 24 -1 26 -1 23 -1 24 -1 26 -1 26 -1 23 -1 24 -1 26 -1 24 -1 24 -1 26 -1 26 -1 24 -1 26 -1 23 -1 -2
29 -1 44 -1 48 -1 49 -1 24 -1 29 -1 23 -1 26 -1 26 -1 23 -1 26 -1 23 -1 23 -1 23 -1 24 -1 26 -1 8 -1 26 -1 43 -1 26 -1 26 -1 26 -1 26 -1 26 -1 26 -1 26 -1 26 -1 26 -1 9 -1 42 -1 36 -1 26 -1 26 -1 26 -1 26 -1 20 -1 39 -1 26 -1 26 -1 15 -1 14 -1 35 -1 34 -1 43 -1 26 -1 26 -1 36 -1 25 -1 26 -1 24 -1 26 -1 24 -1 20 -1 4 -1 35 -1 13 -1 11 -1 34 -1 8 -1 26 -1 26 -1 26 -1 24 -1 26 -1 24 -1 26 -1 26 -1 26 -1 33 -1 24 -1 33 -1 24 -1 26 -1 24 -1 26 -1 23 -1 23 -1 33 -1 24 -1 24 -1 33 -1 24 -1 26 -1 24 -1 24 -1 33 -1 24 -1 24 -1 33 -1 24 -1 26 -1 26 -1 24 -1 26 -1 26 -1 33 -1 24 -1 24 -1 26 -1 24 -1 23 -1 26 -1 24 -1 23 -1 24 -1 26 -1 23 -1 24 -1 23 -1 26 -1 26 -1 26 -1 26 -1 23 -1 24 -1 23 -1 23 -1 23 -1 26 -1 24 -1 26 -1 33 -1 24 -1 24 -1 26 -1 26 -1 26 -1 26 -1 24 -1 23 -1 23 -1 24 -1 26 -1 14 -1 26 -1 24 -1 33 -1 24 -1 26 -1 24 -1 26 -1 23 -1 27 -1 29 -1 26 -1 33 -1 24 -1 11 -1 49 -1 27 -1 29 -1 48 -1 -2
29 -1 48 -1 49 -1 22 -1 29 -1 22 -1 24 -1 23 -1 24 -1 22 -1 22 -1 42 -1 36 -1 7 -1 4 -1 3 -1 22 -1 22 -1 20 -1 25 -1 14 -1 43 -1 11 -1 12 -1 44 -1 33 -1 8 -1 35 -1 34 -1 27 -1 22 -1 22 -1 36 -1 7 -1 4 -1 3 -1 22 -1 22 -1 22 -1 22 -1 21 -1 22 -1 22 -1 20 -1 25 -1 45 -1 10 -1 32 -1 15 -1 14 -1 13 -1 11 -1 22 -1 12 -1 22 -1 44 -1 33 -1 8 -1 35 -1 34 -1 27 -1 6 -1 42 -1 36 -1 21 -1 20 -1 25 -1 45 -1 10 -1 3 -1 15 -1 14 -1 13 -1 11 -1 12 -1 44 -1 33 -1 8 -1 35 -1 34 -1 27 -1 6 -1 42 -1 36 -1 4 -1 55 -1 20 -1 25 -1 32 -1 14 -1 13 -1 12 -1 44 -1 8 -1 35 -1 34 -1 27 -1 3 -1 22 -1 22 -1 34 -1 23 -1 33 -1 24 -1 22 -1 23 -1 22 -1 23 -1 24 -1 27 -1 29 -1 11 -1 49 -1 44 -1 48 -1 29 -1 11 -1 49 -1 35 -1 50 -1 48 -1 23 -1 12 -1 46 -1 37 -1 -2
26 -1 23 -1 23 -1 24 -1 26 -1 23 -1 26 -1 26 -1 26 -1 26 -1 26 -1 26 -1 26 -1 26 -1 26 -1 26 -1 8 -1 26 -1 26 -1 26 -1 26 -1 26 -1 26 -1 13 -1 26 -1 26 -1 26 -1 26 -1 26 -1 26 -1 24 -1 24 -1 26 -1 33 -1 24 -1 34 -1 23 -1 23 -1 26 -1 26 -1 23 -1 22 -1 26 -1 24 -1 19 -1 22 -1 19 -1 23 -1 23 -1 29 -1 49 -1 48 -1 29 -1 11 -1 49 -1 -2
26 -1 26 -1 26 -1 25 -1 26 -1 36 -1 26 -1 26 -1 20 -1 25 -1 26 -1 26 -1 26 -1 26 -1 26 -1 26 -1 25 -1 26 -1 33 -1 24 -1 26 -1 24 -1 26 -1 26 -1 42 -1 26 -1 26 -1 26 -1 26 -1 26 -1 26 -1 9 -1 3 -1 21 -1 8 -1 10 -1 6 -1 7 -1 45 -1 13 -1 4 -1 15 -1 14 -1 35 -1 27 -1 12 -1 11 -1 44 -1 34 -1 36 -1 25 -1 26 -1 26 -1 26 -1 26 -1 26 -1 26 -1 20 -1 26 -1 26 -1 26 -1 26 -1 42 -1 26 -1 26 -1 14 -1 11 -1 34 -1 36 -1 25 -1 26 -1 26 -1 33 -1 24 -1 26 -1 23 -1 26 -1 23 -1 24 -1 -2
50 -1 50 -1 4 -1 15 -1 13 -1 14 -1 27 -1 10 -1 15 -1 14 -1 50 -1 50 -1 -2
24 -1 26 -1 26 -1 24 -1 24 -1 24 -1 24 -1 26 -1 24 -1 26 -1 24 -1 24 -1 24 -1 26 -1 24 -1 24 -1 24 -1 26 -1 26 -1 26 -1 -2
26 -1 26 -1 36 -1 13 -1 42 -1 4 -1 26 -1 26 -1 26 -1 26 -1 10 -1 35 -1 26 -1 26 -1 26 -1 26 -1 20 -1 8 -1 16 -1 35 -1 43 -1 20 -1 26 -1 26 -1 8 -1 24 -1 24 -1 26 -1 24 -1 24 -1 24 -1 24 -1 26 -1 -2
26 -1 24 -1 26 -1 24 -1 26 -1 24 -1 24 -1 24 -1 23 -1 24 -1 23 -1 26 -1 26 -1 26 -1 20 -1 26 -1 26 -1 55 -1 25 -1 26 -1 26 -1 42 -1 26 -1 24 -1 24 -1 26 -1 39 -1 4 -1 14 -1 35 -1 12 -1 44 -1 36 -1 34 -1 8 -1 20 -1 26 -1 26 -1 26 -1 26 -1 26 -1 26 -1 26 -1 34 -1 23 -1 26 -1 34 -1 23 -1 26 -1 24 -1 23 -1 24 -1 26 -1 34 -1 23 -1 24 -1 26 -1 24 -1 26 -1 -2
26 -1 26 -1 25 -1 26 -1 26 -1 26 -1 26 -1 4 -1 26 -1 33 -1 24 -1 26 -1 24 -1 26 -1 26 -1 26 -1 26 -1 42 -1 36 -1 35 -1 26 -1 27 -1 26 -1 8 -1 25 -1 26 -1 24 -1 25 -1 26 -1 24 -1 25 -1 26 -1 25 -1 26 -1 26 -1 25 -1 26 -1 -2
24 -1 26 -1 26 -1 23 -1 23 -1 26 -1 23 -1 23 -1 23 -1 24 -1 26 -1 24 -1 24 -1 26 -1 25 -1 26 -1 8 -1 26 -1 26 -1 25 -1 26 -1 26 -1 20 -1 25 -1 26 -1 25 -1 26 -1 6 -1 25 -1 26 -1 26 -1 61 -1 26 -1 26 -1 36 -1 28 -1 13 -1 14 -1 12 -1 34 -1 32 -1 9 -1 8 -1 26 -1 26 -1 26 -1 20 -1 26 -1 6 -1 25 -1 26 -1 26 -1 25 -1 26 -1 34 -1 23 -1 33 -1 24 -1 23 -1 23 -1 34 -1 23 -1 24 -1 24 -1 26 -1 24 -1 -2
26 -1 24 -1 25 -1 26 -1 26 -1 24 -1 26 -1 24 -1 36 -1 26 -1 26 -1 26 -1 26 -1 26 -1 26 -1 26 -1 26 -1 3 -1 26 -1 23 -1 23 -1 26 -1 26 -1 26 -1 9 -1 26 -1 26 -1 26 -1 26 -1 26 -1 24 -1 26 -1 26 -1 33 -1 24 -1 26 -1 26 -1 24 -1 26 -1 -2
23 -1 23 -1 26 -1 24 -1 26 -1 26 -1 20 -1 26 -1 26 -1 55 -1 25 -1 26 -1 33 -1 24 -1 26 -1 24 -1 36 -1 28 -1 9 -1 4 -1 15 -1 35 -1 14 -1 27 -1 12 -1 11 -1 44 -1 34 -1 8 -1 25 -1 26 -1 26 -1 26 -1 26 -1 20 -1 55 -1 33 -1 36 -1 25 -1 26 -1 26 -1 26 -1 26 -1 4 -1 35 -1 13 -1 12 -1 34 -1 8 -1 28 -1 4 -1 35 -1 27 -1 13 -1 12 -1 11 -1 34 -1 8 -1 26 -1 26 -1 33 -1 26 -1 26 -1 4 -1 35 -1 13 -1 14 -1 27 -1 12 -1 11 -1 34 -1 8 -1 25 -1 26 -1 26 -1 25 -1 26 -1 33 -1 24 -1 26 -1 24 -1 20 -1 26 -1 24 -1 26 -1 26 -1 24 -1 24 -1 24 -1 26 -1 26 -1 24 -1 26 -1 26 -1 23 -1 23 -1 26 -1 -2
23 -1 23 -1 27 -1 25 -1 33 -1 11 -1 3 -1 34 -1 33 -1 24 -1 24 -1 34 -1 23 -1 24 -1 26 -1 26 -1 26 -1 26 -1 24 -1 26 -1 23 -1 26 -1 26 -1 24 -1 26 -1 24 -1 26 -1 26 -1 23 -1 26 -1 26 -1 26 -1 24 -1 24 -1 26 -1 26 -1 24 -1 24 -1 23 -1 26 -1 24 -1 26 -1 24 -1 26 -1 23 -1 23 -1 23 -1 26 -1 26 -1 26 -1 24 -1 24 -1 26 -1 26 -1 26 -1 23 -1 24 -1 24 -1 24 -1 26 -1 24 -1 26 -1 36 -1 24 -1 24 -1 24 -1 24 -1 24 -1 24 -1 24 -1 24 -1 24 -1 24 -1 24 -1 24 -1 24 -1 24 -1 24 -1 24 -1 24 -1 24 -1 24 -1 24 -1 26 -1 23 -1 26 -1 23 -1 24 -1 24 -1 24 -1 26 -1 26 -1 24 -1 26 -1 26 -1 26 -1 24 -1 26 -1 24 -1 26 -1 26 -1 24 -1 24 -1 14 -1 20 -1 26 -1 26 -1 24 -1 23 -1 26 -1 23 -1 24 -1 26 -1 26 -1 26 -1 26 -1 26 -1 26 -1 24 -1 26 -1 26 -1 24 -1 26 -1 24 -1 26 -1 26 -1 24 -1 24 -1 26 -1 24 -1 26 -1 24 -1 24 -1 24 -1 24 -1 24 -1 24 -1 24 -1 26 -1 24 -1 26 -1 24 -1 26 -1 26 -1 24 -1 24 -1 24 -1 24 -1 26 -1 26 -1 23 -1 26 -1 26 -1 23 -1 22 -1 24 -1 23 -1 22 -1 23 -1 4 -1 8 -1 15 -1 35 -1 12 -1 44 -1 52 -1 21 -1 27 -1 11 -1 33 -1 24 -1 33 -1 24 -1 33 -1 24 -1 24 -1 36 -1 3 -1 22 -1 22 -1 22 -1 22 -1 33 -1 24 -1 34 -1 23 -1 26 -1 23 -1 23 -1 24 -1 26 -1 -2
22 -1 22 -1 22 -1 22 -1 22 -1 22 -1 8 -1 22 -1 22 -1 36 -1 24 -1 24 -1 42 -1 20 -1 7 -1 4 -1 15 -1 35 -1 13 -1 14 -1 12 -1 11 -1 44 -1 21 -1 25 -1 34 -1 6 -1 8 -1 10 -1 45 -1 52 -1 3 -1 22 -1 24 -1 22 -1 33 -1 24 -1 22 -1 22 -1 22 -1 22 -1 36 -1 22 -1 22 -1 20 -1 3 -1 22 -1 22 -1 22 -1 22 -1 -2
23 -1 24 -1 25 -1 26 -1 23 -1 24 -1 25 -1 26 -1 26 -1 26 -1 23 -1 23 -1 26 -1 26 -1 26 -1 26 -1 23 -1 26 -1 26 -1 26 -1 26 -1 23 -1 26 -1 26 -1 26 -1 26 -1 26 -1 26 -1 23 -1 25 -1 26 -1 26 -1 -2
26 -1 26 -1 20 -1 36 -1 26 -1 26 -1 26 -1 34 -1 23 -1 26 -1 23 -1 33 -1 24 -1 26 -1 24 -1 26 -1 26 -1 24 -1 26 -1 24 -1 24 -1 24 -1 52 -1 7 -1 24 -1 4 -1 24 -1 -2
23 -1 26 -1 23 -1 23 -1 24 -1 26 -1 23 -1 43 -1 10 -1 8 -1 4 -1 35 -1 14 -1 12 -1 11 -1 20 -1 44 -1 27 -1 25 -1 26 -1 33 -1 24 -1 26 -1 24 -1 36 -1 25 -1 26 -1 26 -1 26 -1 26 -1 25 -1 26 -1 3 -1 21 -1 26 -1 34 -1 35 -1 10 -1 11 -1 45 -1 8 -1 6 -1 7 -1 15 -1 13 -1 4 -1 14 -1 12 -1 20 -1 44 -1 27 -1 25 -1 26 -1 26 -1 26 -1 26 -1 33 -1 42 -1 36 -1 52 -1 3 -1 21 -1 34 -1 25 -1 26 -1 26 -1 25 -1 26 -1 33 -1 24 -1 26 -1 24 -1 26 -1 24 -1 24 -1 24 -1 26 -1 24 -1 26 -1 24 -1 26 -1 24 -1 26 -1 24 -1 26 -1 24 -1 24 -1 25 -1 26 -1 34 -1 23 -1 26 -1 23 -1 24 -1 24 -1 26 -1 23 -1 29 -1 3 -1 22 -1 26 -1 -2
23 -1 22 -1 23 -1 3 -1 22 -1 20 -1 25 -1 33 -1 36 -1 14 -1 35 -1 27 -1 11 -1 8 -1 4 -1 34 -1 3 -1 20 -1 25 -1 33 -1 36 -1 26 -1 26 -1 35 -1 27 -1 11 -1 8 -1 34 -1 33 -1 25 -1 36 -1 3 -1 22 -1 22 -1 22 -1 22 -1 34 -1 23 -1 23 -1 -2
26 -1 23 -1 24 -1 26 -1 9 -1 7 -1 4 -1 15 -1 13 -1 35 -1 8 -1 26 -1 24 -1 26 -1 26 -1 26 -1 24 -1 26 -1 24 -1 24 -1 24 -1 26 -1 24 -1 24 -1 24 -1 26 -1 24 -1 26 -1 24 -1 -2
26 -1 25 -1 26 -1 26 -1 24 -1 26 -1 24 -1 24 -1 24 -1 24 -1 26 -1 24 -1 24 -1 25 -1 26 -1 24 -1 26 -1 24 -1 26 -1 26 -1 26 -1 25 -1 26 -1 25 -1 26 -1 26 -1 26 -1 26 -1 26 -1 26 -1 26 -1 26 -1 24 -1 24 -1 26 -1 26 -1 26 -1 26 -1 24 -1 26 -1 24 -1 24 -1 24 -1 26 -1 24 -1 26 -1 24 -1 26 -1 26 -1 24 -1 24 -1 26 -1 26 -1 24 -1 26 -1 24 -1 26 -1 24 -1 20 -1 26 -1 24 -1 26 -1 36 -1 24 -1 24 -1 24 -1 24 -1 24 -1 24 -1 26 -1 24 -1 26 -1 26 -1 26 -1 24 -1 26 -1 24 -1 26 -1 26 -1 24 -1 8 -1 26 -1 24 -1 24 -1 24 -1 26 -1 26 -1 24 -1 26 -1 24 -1 26 -1 24 -1 24 -1 26 -1 24 -1 26 -1 24 -1 26 -1 23 -1 23 -1 24 -1 26 -1 26 -1 26 -1 55 -1 61 -1 16 -1 26 -1 26 -1 26 -1 26 -1 45 -1 35 -1 12 -1 32 -1 21 -1 27 -1 36 -1 33 -1 25 -1 26 -1 26 -1 61 -1 16 -1 26 -1 24 -1 23 -1 34 -1 23 -1 24 -1 26 -1 24 -1 26 -1 24 -1 26 -1 24 -1 26 -1 24 -1 26 -1 -2
26 -1 26 -1 24 -1 24 -1 24 -1 26 -1 24 -1 24 -1 26 -1 26 -1 26 -1 24 -1 23 -1 23 -1 26 -1 24 -1 26 -1 24 -1 24 -1 26 -1 26 -1 24 -1 24 -1 24 -1 24 -1 26 -1 24 -1 24 -1 26 -1 24 -1 23 -1 24 -1 23 -1 26 -1 24 -1 10 -1 26 -1 24 -1 13 -1 26 -1 26 -1 24 -1 23 -1 23 -1 24 -1 35 -1 32 -1 24 -1 26 -1 26 -1 24 -1 24 -1 24 -1 24 -1 24 -1 26 -1 24 -1 26 -1 26 -1 24 -1 26 -1 26 -1 24 -1 26 -1 24 -1 42 -1 24 -1 24 -1 24 -1 24 -1 24 -1 24 -1 26 -1 24 -1 26 -1 24 -1 24 -1 26 -1 24 -1 24 -1 34 -1 23 -1 23 -1 24 -1 26 -1 26 -1 26 -1 26 -1 26 -1 26 -1 24 -1 26 -1 26 -1 24 -1 26 -1 24 -1 24 -1 26 -1 24 -1 23 -1 24 -1 26 -1 23 -1 26 -1 26 -1 26 -1 26 -1 20 -1 25 -1 26 -1 26 -1 26 -1 26 -1 3 -1 26 -1 26 -1 21 -1 11 -1 27 -1 15 -1 35 -1 12 -1 14 -1 44 -1 26 -1 33 -1 24 -1 34 -1 23 -1 23 -1 24 -1 24 -1 26 -1 24 -1 -2
26 -1 26 -1 24 -1 26 -1 24 -1 26 -1 26 -1 26 -1 26 -1 26 -1 26 -1 26 -1 26 -1 24 -1 26 -1 24 -1 26 -1 26 -1 32 -1 26 -1 26 -1 26 -1 26 -1 24 -1 26 -1 24 -1 23 -1 24 -1 26 -1 26 -1 23 -1 26 -1 24 -1 26 -1 24 -1 26 -1 24 -1 24 -1 26 -1 24 -1 26 -1 26 -1 26 -1 26 -1 26 -1 24 -1 26 -1 26 -1 26 -1 24 -1 26 -1 11 -1 24 -1 26 -1 24 -1 24 -1 26 -1 24 -1 26 -1 24 -1 26 -1 24 -1 26 -1 24 -1 23 -1 23 -1 26 -1 24 -1 26 -1 24 -1 26 -1 24 -1 26 -1 24 -1 26 -1 26 -1 24 -1 26 -1 24 -1 24 -1 26 -1 24 -1 23 -1 26 -1 23 -1 24 -1 24 -1 24 -1 24 -1 23 -1 26 -1 23 -1 24 -1 26 -1 23 -1 24 -1 23 -1 24 -1 26 -1 24 -1 24 -1 26 -1 24 -1 26 -1 23 -1 26 -1 23 -1 24 -1 24 -1 26 -1 24 -1 26 -1 26 -1 26 -1 24 -1 26 -1 26 -1 24 -1 26 -1 24 -1 24 -1 26 -1 24 -1 33 -1 24 -1 24 -1 33 -1 24 -1 26 -1 24 -1 24 -1 26 -1 -2
26 -1 24 -1 26 -1 26 -1 26 -1 26 -1 26 -1 26 -1 26 -1 26 -1 26 -1 26 -1 26 -1 21 -1 3 -1 36 -1 42 -1 10 -1 45 -1 25 -1 26 -1 26 -1 14 -1 20 -1 4 -1 35 -1 11 -1 34 -1 27 -1 33 -1 25 -1 26 -1 33 -1 24 -1 26 -1 24 -1 26 -1 26 -1 26 -1 26 -1 26 -1 26 -1 26 -1 26 -1 21 -1 3 -1 25 -1 26 -1 26 -1 26 -1 26 -1 36 -1 14 -1 8 -1 20 -1 25 -1 26 -1 26 -1 4 -1 35 -1 12 -1 11 -1 34 -1 26 -1 27 -1 23 -1 33 -1 24 -1 34 -1 23 -1 23 -1 34 -1 23 -1 24 -1 24 -1 24 -1 26 -1 26 -1 24 -1 26 -1 24 -1 26 -1 24 -1 26 -1 24 -1 24 -1 24 -1 -2
26 -1 23 -1 23 -1 33 -1 24 -1 24 -1 23 -1 33 -1 24 -1 23 -1 33 -1 24 -1 23 -1 23 -1 26 -1 24 -1 20 -1 25 -1 26 -1 26 -1 26 -1 26 -1 9 -1 25 -1 26 -1 33 -1 24 -1 34 -1 23 -1 23 -1 26 -1 24 -1 26 -1 24 -1 23 -1 26 -1 24 -1 -2
26 -1 24 -1 24 -1 26 -1 26 -1 24 -1 23 -1 23 -1 26 -1 24 -1 26 -1 24 -1 26 -1 24 -1 23 -1 24 -1 23 -1 24 -1 24 -1 24 -1 24 -1 24 -1 24 -1 24 -1 24 -1 24 -1 24 -1 24 -1 26 -1 24 -1 24 -1 34 -1 23 -1 26 -1 23 -1 26 -1 26 -1 26 -1 26 -1 26 -1 26 -1 26 -1 26 -1 25 -1 26 -1 26 -1 36 -1 26 -1 26 -1 4 -1 8 -1 3 -1 35 -1 12 -1 14 -1 11 -1 20 -1 44 -1 27 -1 33 -1 34 -1 25 -1 26 -1 26 -1 24 -1 23 -1 26 -1 23 -1 26 -1 -2
26 -1 23 -1 23 -1 24 -1 23 -1 23 -1 26 -1 61 -1 4 -1 36 -1 20 -1 70 -1 8 -1 11 -1 44 -1 27 -1 21 -1 33 -1 25 -1 34 -1 25 -1 26 -1 26 -1 25 -1 26 -1 26 -1 61 -1 4 -1 8 -1 35 -1 44 -1 13 -1 27 -1 3 -1 33 -1 34 -1 25 -1 26 -1 26 -1 26 -1 24 -1 24 -1 26 -1 26 -1 24 -1 24 -1 26 -1 24 -1 23 -1 26 -1 24 -1 23 -1 24 -1 23 -1 23 -1 24 -1 26 -1 26 -1 24 -1 24 -1 26 -1 26 -1 26 -1 26 -1 26 -1 26 -1 26 -1 26 -1 24 -1 26 -1 26 -1 24 -1 24 -1 24 -1 26 -1 26 -1 26 -1 26 -1 24 -1 24 -1 24 -1 26 -1 24 -1 25 -1 26 -1 24 -1 25 -1 26 -1 26 -1 23 -1 23 -1 26 -1 -2
23 -1 24 -1 23 -1 26 -1 24 -1 26 -1 26 -1 26 -1 26 -1 26 -1 26 -1 26 -1 26 -1 26 -1 14 -1 36 -1 26 -1 26 -1 26 -1 26 -1 26 -1 24 -1 23 -1 24 -1 23 -1 23 -1 23 -1 26 -1 21 -1 3 -1 15 -1 35 -1 44 -1 33 -1 34 -1 21 -1 26 -1 23 -1 24 -1 26 -1 23 -1 24 -1 26 -1 24 -1 23 -1 23 -1 26 -1 24 -1 24 -1 24 -1 26 -1 26 -1 33 -1 24 -1 24 -1 26 -1 24 -1 26 -1 26 -1 34 -1 23 -1 25 -1 26 -1 23 -1 22 -1 23 -1 22 -1 23 -1 24 -1 -2
26 -1 23 -1 24 -1 23 -1 26 -1 24 -1 26 -1 24 -1 24 -1 26 -1 25 -1 26 -1 24 -1 14 -1 34 -1 23 -1 26 -1 22 -1 24 -1 22 -1 22 -1 23 -1 22 -1 22 -1 23 -1 12 -1 23 -1 23 -1 22 -1 34 -1 23 -1 22 -1 23 -1 22 -1 23 -1 22 -1 23 -1 22 -1 23 -1 22 -1 23 -1 23 -1 23 -1 22 -1 23 -1 22 -1 22 -1 3 -1 22 -1 23 -1 34 -1 23 -1 23 -1 22 -1 35 -1 22 -1 33 -1 24 -1 22 -1 24 -1 23 -1 -2
26 -1 26 -1 24 -1 24 -1 24 -1 24 -1 24 -1 26 -1 24 -1 26 -1 23 -1 26 -1 26 -1 23 -1 26 -1 26 -1 24 -1 24 -1 24 -1 26 -1 24 -1 26 -1 24 -1 26 -1 24 -1 24 -1 26 -1 24 -1 26 -1 23 -1 26 -1 23 -1 24 -1 24 -1 24 -1 24 -1 26 -1 26 -1 24 -1 24 -1 26 -1 26 -1 24 -1 24 -1 24 -1 24 -1 23 -1 23 -1 26 -1 26 -1 26 -1 24 -1 26 -1 24 -1 26 -1 26 -1 24 -1 26 -1 24 -1 24 -1 26 -1 24 -1 24 -1 26 -1 24 -1 26 -1 24 -1 26 -1 24 -1 26 -1 24 -1 24 -1 26 -1 26 -1 24 -1 26 -1 24 -1 24 -1 26 -1 24 -1 24 -1 24 -1 24 -1 24 -1 26 -1 26 -1 24 -1 26 -1 24 -1 24 -1 26 -1 26 -1 24 -1 23 -1 23 -1 26 -1 26 -1 24 -1 26 -1 24 -1 24 -1 26 -1 24 -1 23 -1 24 -1 23 -1 24 -1 23 -1 23 -1 26 -1 24 -1 26 -1 26 -1 26 -1 26 -1 26 -1 26 -1 26 -1 26 -1 -2
26 -1 26 -1 61 -1 16 -1 26 -1 26 -1 8 -1 25 -1 26 -1 26 -1 25 -1 26 -1 25 -1 26 -1 11 -1 26 -1 26 -1 21 -1 35 -1 14 -1 26 -1 26 -1 24 -1 26 -1 24 -1 24 -1 24 -1 24 -1 26 -1 -2
26 -1 24 -1 24 -1 26 -1 26 -1 24 -1 34 -1 23 -1 24 -1 24 -1 23 -1 24 -1 24 -1 23 -1 23 -1 26 -1 23 -1 33 -1 24 -1 24 -1 24 -1 23 -1 23 -1 25 -1 26 -1 26 -1 26 -1 26 -1 24 -1 26 -1 23 -1 33 -1 24 -1 24 -1 23 -1 23 -1 23 -1 24 -1 25 -1 26 -1 23 -1 26 -1 24 -1 23 -1 24 -1 23 -1 26 -1 25 -1 26 -1 26 -1 26 -1 26 -1 26 -1 26 -1 42 -1 20 -1 7 -1 4 -1 26 -1 26 -1 26 -1 26 -1 36 -1 26 -1 26 -1 -2
26 -1 24 -1 26 -1 24 -1 26 -1 24 -1 23 -1 24 -1 26 -1 23 -1 26 -1 26 -1 4 -1 25 -1 26 -1 26 -1 8 -1 21 -1 3 -1 52 -1 11 -1 27 -1 33 -1 34 -1 32 -1 7 -1 4 -1 25 -1 20 -1 26 -1 34 -1 23 -1 33 -1 24 -1 34 -1 23 -1 23 -1 27 -1 29 -1 3 -1 22 -1 26 -1 29 -1 24 -1 -2
26 -1 26 -1 24 -1 24 -1 26 -1 25 -1 26 -1 26 -1 26 -1 26 -1 26 -1 26 -1 26 -1 26 -1 26 -1 10 -1 26 -1 26 -1 24 -1 24 -1 26 -1 26 -1 24 -1 26 -1 26 -1 24 -1 33 -1 24 -1 26 -1 24 -1 26 -1 25 -1 26 -1 26 -1 26 -1 24 -1 24 -1 26 -1 24 -1 34 -1 23 -1 26 -1 23 -1 23 -1 23 -1 33 -1 24 -1 26 -1 25 -1 26 -1 26 -1 32 -1 6 -1 8 -1 25 -1 26 -1 26 -1 4 -1 26 -1 26 -1 26 -1 26 -1 26 -1 26 -1 36 -1 26 -1 26 -1 26 -1 20 -1 26 -1 21 -1 3 -1 26 -1 33 -1 24 -1 26 -1 24 -1 14 -1 35 -1 12 -1 11 -1 44 -1 27 -1 34 -1 26 -1 26 -1 26 -1 26 -1 26 -1 26 -1 26 -1 24 -1 26 -1 24 -1 23 -1 24 -1 26 -1 23 -1 24 -1 26 -1 -2
24 -1 26 -1 23 -1 26 -1 33 -1 24 -1 33 -1 24 -1 26 -1 24 -1 26 -1 24 -1 26 -1 26 -1 26 -1 33 -1 24 -1 26 -1 26 -1 24 -1 33 -1 24 -1 26 -1 26 -1 26 -1 8 -1 32 -1 26 -1 26 -1 36 -1 6 -1 7 -1 4 -1 13 -1 12 -1 11 -1 44 -1 39 -1 26 -1 25 -1 26 -1 26 -1 26 -1 24 -1 24 -1 26 -1 24 -1 24 -1 25 -1 26 -1 24 -1 24 -1 24 -1 24 -1 32 -1 24 -1 25 -1 26 -1 3 -1 24 -1 26 -1 26 -1 24 -1 26 -1 26 -1 24 -1 26 -1 24 -1 24 -1 26 -1 24 -1 34 -1 23 -1 24 -1 23 -1 26 -1 20 -1 26 -1 24 -1 24 -1 26 -1 24 -1 24 -1 24 -1 24 -1 26 -1 24 -1 24 -1 26 -1 36 -1 6 -1 26 -1 26 -1 -2
23 -1 26 -1 23 -1 26 -1 23 -1 25 -1 26 -1 23 -1 24 -1 26 -1 42 -1 8 -1 32 -1 52 -1 44 -1 27 -1 20 -1 36 -1 6 -1 4 -1 26 -1 26 -1 26 -1 26 -1 24 -1 24 -1 25 -1 26 -1 24 -1 24 -1 24 -1 25 -1 26 -1 24 -1 24 -1 24 -1 26 -1 24 -1 26 -1 24 -1 24 -1 24 -1 26 -1 24 -1 26 -1 -2
26 -1 24 -1 24 -1 24 -1 26 -1 21 -1 3 -1 26 -1 26 -1 8 -1 25 -1 26 -1 26 -1 36 -1 4 -1 55 -1 26 -1 26 -1 45 -1 35 -1 11 -1 34 -1 27 -1 33 -1 25 -1 26 -1 26 -1 26 -1 24 -1 26 -1 24 -1 25 -1 26 -1 24 -1 24 -1 26 -1 24 -1 24 -1 24 -1 26 -1 26 -1 26 -1 23 -1 26 -1 23 -1 23 -1 23 -1 24 -1 -2
23 -1 26 -1 23 -1 26 -1 26 -1 24 -1 26 -1 26 -1 26 -1 32 -1 43 -1 20 -1 4 -1 36 -1 25 -1 26 -1 26 -1 14 -1 8 -1 3 -1 21 -1 35 -1 15 -1 12 -1 11 -1 44 -1 34 -1 27 -1 33 -1 25 -1 26 -1 26 -1 26 -1 26 -1 25 -1 26 -1 26 -1 25 -1 26 -1 33 -1 24 -1 34 -1 23 -1 23 -1 26 -1 24 -1 26 -1 24 -1 23 -1 26 -1 23 -1 24 -1 24 -1 26 -1 24 -1 26 -1 24 -1 24 -1 24 -1 24 -1 33 -1 24 -1 26 -1 34 -1 23 -1 26 -1 23 -1 24 -1 -2
26 -1 23 -1 23 -1 24 -1 26 -1 36 -1 8 -1 45 -1 10 -1 3 -1 21 -1 32 -1 25 -1 26 -1 33 -1 24 -1 26 -1 24 -1 4 -1 35 -1 13 -1 20 -1 11 -1 27 -1 34 -1 36 -1 26 -1 24 -1 24 -1 24 -1 24 -1 26 -1 24 -1 24 -1 26 -1 24 -1 26 -1 24 -1 24 -1 24 -1 24 -1 26 -1 24 -1 26 -1 26 -1 26 -1 26 -1 26 -1 26 -1 26 -1 26 -1 24 -1 24 -1 26 -1 24 -1 24 -1 24 -1 26 -1 26 -1 24 -1 26 -1 26 -1 8 -1 26 -1 26 -1 23 -1 24 -1 26 -1 23 -1 26 -1 24 -1 26 -1 24 -1 26 -1 24 -1 24 -1 24 -1 24 -1 25 -1 26 -1 24 -1 26 -1 3 -1 33 -1 24 -1 24 -1 24 -1 25 -1 26 -1 26 -1 26 -1 24 -1 26 -1 24 -1 26 -1 24 -1 26 -1 -2
26 -1 26 -1 52 -1 4 -1 3 -1 36 -1 25 -1 26 -1 34 -1 23 -1 23 -1 33 -1 24 -1 23 -1 23 -1 24 -1 26 -1 24 -1 26 -1 26 -1 24 -1 -2
26 -1 23 -1 33 -1 24 -1 23 -1 26 -1 25 -1 26 -1 26 -1 25 -1 26 -1 26 -1 10 -1 21 -1 3 -1 6 -1 7 -1 4 -1 36 -1 20 -1 9 -1 8 -1 42 -1 45 -1 11 -1 44 -1 27 -1 34 -1 52 -1 33 -1 32 -1 25 -1 21 -1 3 -1 16 -1 7 -1 4 -1 36 -1 20 -1 26 -1 34 -1 23 -1 26 -1 23 -1 33 -1 24 -1 26 -1 26 -1 24 -1 -2
26 -1 24 -1 24 -1 26 -1 26 -1 26 -1 21 -1 8 -1 26 -1 24 -1 24 -1 26 -1 26 -1 26 -1 26 -1 24 -1 26 -1 24 -1 26 -1 26 -1 20 -1 26 -1 6 -1 26 -1 4 -1 27 -1 35 -1 3 -1 11 -1 34 -1 36 -1 9 -1 42 -1 26 -1 26 -1 8 -1 26 -1 26 -1 26 -1 26 -1 32 -1 26 -1 26 -1 26 -1 26 -1 33 -1 26 -1 26 -1 26 -1 26 -1 26 -1 26 -1 7 -1 4 -1 15 -1 14 -1 27 -1 3 -1 11 -1 34 -1 21 -1 8 -1 32 -1 33 -1 25 -1 6 -1 14 -1 27 -1 36 -1 32 -1 43 -1 33 -1 25 -1 7 -1 4 -1 15 -1 13 -1 14 -1 27 -1 12 -1 35 -1 3 -1 44 -1 11 -1 34 -1 36 -1 45 -1 26 -1 26 -1 21 -1 52 -1 43 -1 25 -1 26 -1 24 -1 34 -1 23 -1 24 -1 23 -1 25 -1 26 -1 33 -1 24 -1 24 -1 25 -1 26 -1 24 -1 26 -1 26 -1 24 -1 26 -1 26 -1 24 -1 26 -1 24 -1 -2
24 -1 24 -1 26 -1 24 -1 26 -1 24 -1 24 -1 24 -1 24 -1 24 -1 24 -1 24 -1 24 -1 24 -1 24 -1 26 -1 26 -1 24 -1 26 -1 24 -1 24 -1 26 -1 26 -1 26 -1 24 -1 26 -1 26 -1 24 -1 26 -1 24 -1 26 -1 24 -1 24 -1 24 -1 26 -1 24 -1 24 -1 26 -1 26 -1 26 -1 26 -1 24 -1 24 -1 24 -1 24 -1 26 -1 26 -1 26 -1 26 -1 24 -1 24 -1 26 -1 26 -1 24 -1 26 -1 24 -1 24 -1 26 -1 24 -1 26 -1 26 -1 26 -1 26 -1 26 -1 36 -1 26 -1 26 -1 16 -1 26 -1 26 -1 21 -1 27 -1 26 -1 26 -1 26 -1 26 -1 8 -1 26 -1 26 -1 36 -1 20 -1 4 -1 25 -1 26 -1 26 -1 26 -1 26 -1 26 -1 26 -1 15 -1 13 -1 14 -1 35 -1 26 -1 26 -1 26 -1 26 -1 26 -1 26 -1 26 -1 26 -1 26 -1 26 -1 26 -1 33 -1 24 -1 24 -1 24 -1 24 -1 26 -1 24 -1 26 -1 24 -1 26 -1 8 -1 24 -1 24 -1 -2
26 -1 26 -1 25 -1 26 -1 33 -1 24 -1 34 -1 23 -1 23 -1 33 -1 24 -1 26 -1 24 -1 26 -1 24 -1 24 -1 26 -1 24 -1 26 -1 26 -1 26 -1 24 -1 24 -1 26 -1 24 -1 26 -1 24 -1 24 -1 26 -1 24 -1 24 -1 24 -1 24 -1 26 -1 26 -1 24 -1 24 -1 26 -1 24 -1 26 -1 24 -1 26 -1 36 -1 26 -1 24 -1 24 -1 26 -1 24 -1 26 -1 3 -1 21 -1 26 -1 26 -1 14 -1 26 -1 23 -1 33 -1 24 -1 23 -1 26 -1 33 -1 24 -1 24 -1 26 -1 24 -1 26 -1 26 -1 24 -1 26 -1 24 -1 26 -1 24 -1 26 -1 33 -1 24 -1 -2
26 -1 26 -1 36 -1 8 -1 25 -1 26 -1 26 -1 26 -1 26 -1 26 -1 26 -1 11 -1 26 -1 26 -1 -2
24 -1 24 -1 33 -1 24 -1 24 -1 24 -1 22 -1 24 -1 22 -1 -2
23 -1 24 -1 24 -1 23 -1 26 -1 36 -1 7 -1 52 -1 25 -1 26 -1 32 -1 26 -1 26 -1 26 -1 4 -1 14 -1 25 -1 26 -1 26 -1 -2
26 -1 26 -1 10 -1 45 -1 21 -1 15 -1 13 -1 35 -1 44 -1 11 -1 27 -1 12 -1 34 -1 33 -1 36 -1 7 -1 52 -1 32 -1 4 -1 14 -1 20 -1 6 -1 42 -1 25 -1 26 -1 25 -1 26 -1 26 -1 34 -1 23 -1 24 -1 34 -1 23 -1 33 -1 24 -1 25 -1 26 -1 26 -1 33 -1 24 -1 25 -1 26 -1 26 -1 34 -1 23 -1 23 -1 24 -1 24 -1 26 -1 25 -1 26 -1 26 -1 24 -1 33 -1 24 -1 24 -1 24 -1 24 -1 25 -1 26 -1 33 -1 24 -1 26 -1 24 -1 -2
24 -1 24 -1 26 -1 36 -1 52 -1 55 -1 61 -1 8 -1 20 -1 25 -1 26 -1 26 -1 35 -1 44 -1 10 -1 34 -1 33 -1 3 -1 26 -1 26 -1 26 -1 33 -1 24 -1 24 -1 26 -1 55 -1 26 -1 24 -1 26 -1 24 -1 24 -1 24 -1 24 -1 26 -1 26 -1 24 -1 24 -1 26 -1 26 -1 26 -1 26 -1 26 -1 34 -1 23 -1 26 -1 -2
26 -1 26 -1 26 -1 26 -1 24 -1 24 -1 26 -1 26 -1 24 -1 26 -1 26 -1 24 -1 24 -1 24 -1 26 -1 24 -1 26 -1 26 -1 26 -1 24 -1 24 -1 26 -1 26 -1 24 -1 26 -1 24 -1 26 -1 24 -1 26 -1 24 -1 26 -1 24 -1 24 -1 26 -1 26 -1 26 -1 26 -1 24 -1 24 -1 26 -1 25 -1 26 -1 23 -1 26 -1 23 -1 26 -1 26 -1 24 -1 26 -1 -2
26 -1 26 -1 26 -1 26 -1 36 -1 45 -1 42 -1 34 -1 32 -1 12 -1 14 -1 35 -1 11 -1 27 -1 52 -1 26 -1 24 -1 23 -1 23 -1 33 -1 24 -1 26 -1 24 -1 26 -1 24 -1 26 -1 24 -1 24 -1 26 -1 26 -1 24 -1 26 -1 24 -1 24 -1 26 -1 24 -1 26 -1 26 -1 24 -1 25 -1 26 -1 26 -1 24 -1 24 -1 26 -1 26 -1 -2
26 -1 33 -1 24 -1 24 -1 33 -1 24 -1 24 -1 26 -1 20 -1 52 -1 25 -1 26 -1 26 -1 25 -1 26 -1 26 -1 26 -1 26 -1 26 -1 26 -1 3 -1 22 -1 22 -1 61 -1 25 -1 26 -1 26 -1 42 -1 8 -1 25 -1 26 -1 26 -1 21 -1 36 -1 26 -1 26 -1 39 -1 13 -1 45 -1 10 -1 12 -1 15 -1 14 -1 35 -1 44 -1 11 -1 27 -1 34 -1 33 -1 20 -1 43 -1 7 -1 6 -1 4 -1 52 -1 25 -1 26 -1 26 -1 25 -1 26 -1 26 -1 3 -1 25 -1 26 -1 26 -1 8 -1 21 -1 36 -1 39 -1 13 -1 45 -1 10 -1 12 -1 15 -1 14 -1 35 -1 25 -1 26 -1 26 -1 44 -1 11 -1 27 -1 34 -1 33 -1 20 -1 7 -1 6 -1 4 -1 25 -1 26 -1 26 -1 52 -1 26 -1 26 -1 3 -1 26 -1 33 -1 24 -1 34 -1 23 -1 23 -1 26 -1 24 -1 24 -1 26 -1 23 -1 23 -1 26 -1 24 -1 24 -1 24 -1 24 -1 26 -1 24 -1 24 -1 42 -1 26 -1 24 -1 -2
26 -1 24 -1 23 -1 23 -1 33 -1 24 -1 26 -1 26 -1 26 -1 26 -1 26 -1 26 -1 26 -1 26 -1 26 -1 26 -1 26 -1 20 -1 6 -1 26 -1 26 -1 13 -1 12 -1 15 -1 14 -1 4 -1 35 -1 44 -1 11 -1 27 -1 26 -1 26 -1 26 -1 26 -1 26 -1 26 -1 25 -1 26 -1 25 -1 26 -1 25 -1 26 -1 26 -1 8 -1 25 -1 26 -1 26 -1 -2
