22 -1 24 -1 22 -1 24 -1 20 -1 33 -1 24 -1 24 -1 8 -1 25 -1 42 -1 7 -1 4 -1 6 -1 10 -1 45 -1 15 -1 14 -1 13 -1 35 -1 27 -1 12 -1 11 -1 44 -1 21 -1 34 -1 3 -1 20 -1 33 -1 8 -1 36 -1 22 -1 22 -1 22 -1 22 -1 25 -1 42 -1 7 -1 15 -1 35 -1 12 -1 32 -1 34 -1 20 -1 33 -1 8 -1 3 -1 25 -1 15 -1 14 -1 13 -1 35 -1 12 -1 11 -1 44 -1 34 -1 20 -1 33 -1 8 -1 36 -1 3 -1 25 -1 42 -1 7 -1 4 -1 10 -1 45 -1 35 -1 27 -1 11 -1 44 -1 32 -1 21 -1 34 -1 8 -1 36 -1 3 -1 25 -1 4 -1 35 -1 8 -1 36 -1 3 -1 25 -1 22 -1 3 -1 22 -1 3 -1 22 -1 3 -1 22 -1 3 -1 22 -1 23 -1 23 -1 23 -1 22 -1 23 -1 -2
50 -1 50 -1 50 -1 50 -1 42 -1 33 -1 25 -1 52 -1 3 -1 21 -1 34 -1 27 -1 39 -1 10 -1 45 -1 36 -1 20 -1 44 -1 14 -1 55 -1 4 -1 15 -1 42 -1 25 -1 3 -1 21 -1 34 -1 10 -1 36 -1 55 -1 12 -1 35 -1 32 -1 50 -1 50 -1 50 -1 50 -1 -2
22 -1 22 -1 36 -1 8 -1 20 -1 15 -1 13 -1 14 -1 35 -1 12 -1 11 -1 44 -1 25 -1 33 -1 7 -1 20 -1 15 -1 13 -1 14 -1 35 -1 12 -1 11 -1 44 -1 43 -1 25 -1 27 -1 34 -1 3 -1 33 -1 7 -1 4 -1 36 -1 8 -1 20 -1 15 -1 13 -1 14 -1 35 -1 12 -1 11 -1 44 -1 32 -1 25 -1 34 -1 27 -1 33 -1 4 -1 36 -1 8 -1 20 -1 35 -1 25 -1 34 -1 27 -1 33 -1 22 -1 22 -1 22 -1 23 -1 22 -1 23 -1 4 -1 22 -1 22 -1 -2
50 -1 50 -1 50 -1 50 -1 36 -1 44 -1 12 -1 14 -1 35 -1 20 -1 11 -1 55 -1 8 -1 39 -1 10 -1 45 -1 15 -1 13 -1 25 -1 42 -1 33 -1 21 -1 3 -1 34 -1 27 -1 52 -1 36 -1 12 -1 11 -1 44 -1 14 -1 55 -1 8 -1 25 -1 50 -1 50 -1 -2
24 -1 24 -1 24 -1 24 -1 22 -1 22 -1 34 -1 22 -1 22 -1 22 -1 22 -1 22 -1 23 -1 22 -1 23 -1 22 -1 22 -1 -2
5 -1 2 -1 5 -1 2 -1 55 -1 28 -1 36 -1 13 -1 34 -1 35 -1 27 -1 14 -1 10 -1 8 -1 4 -1 36 -1 52 -1 7 -1 25 -1 3 -1 21 -1 11 -1 44 -1 33 -1 13 -1 34 -1 35 -1 27 -1 14 -1 12 -1 15 -1 10 -1 45 -1 20 -1 4 -1 42 -1 36 -1 52 -1 25 -1 3 -1 21 -1 11 -1 44 -1 33 -1 13 -1 34 -1 35 -1 27 -1 14 -1 12 -1 15 -1 8 -1 20 -1 4 -1 2 -1 2 -1 2 -1 2 -1 42 -1 36 -1 52 -1 7 -1 35 -1 25 -1 3 -1 21 -1 11 -1 44 -1 33 -1 13 -1 34 -1 27 -1 14 -1 12 -1 15 -1 10 -1 45 -1 8 -1 20 -1 4 -1 36 -1 7 -1 35 -1 25 -1 3 -1 21 -1 11 -1 44 -1 33 -1 13 -1 34 -1 27 -1 14 -1 12 -1 15 -1 10 -1 45 -1 8 -1 20 -1 4 -1 4 -1 2 -1 2 -1 2 -1 2 -1 42 -1 36 -1 52 -1 7 -1 35 -1 25 -1 3 -1 21 -1 11 -1 13 -1 34 -1 27 -1 14 -1 12 -1 15 -1 10 -1 45 -1 8 -1 5 -1 5 -1 5 -1 5 -1 5 -1 4 -1 2 -1 5 -1 2 -1 28 -1 42 -1 36 -1 52 -1 7 -1 35 -1 4 -1 2 -1 2 -1 25 -1 2 -1 2 -1 44 -1 33 -1 34 -1 27 -1 14 -1 12 -1 45 -1 20 -1 42 -1 36 -1 35 -1 4 -1 25 -1 21 -1 44 -1 33 -1 2 -1 4 -1 2 -1 -2
22 -1 24 -1 22 -1 24 -1 36 -1 52 -1 32 -1 25 -1 21 -1 8 -1 6 -1 7 -1 4 -1 20 -1 35 -1 14 -1 12 -1 11 -1 44 -1 15 -1 13 -1 27 -1 28 -1 25 -1 21 -1 8 -1 6 -1 7 -1 4 -1 20 -1 42 -1 35 -1 14 -1 12 -1 44 -1 15 -1 13 -1 34 -1 27 -1 24 -1 24 -1 -2
23 -1 22 -1 23 -1 22 -1 11 -1 33 -1 24 -1 24 -1 27 -1 21 -1 25 -1 32 -1 3 -1 34 -1 11 -1 27 -1 55 -1 21 -1 32 -1 3 -1 11 -1 55 -1 55 -1 22 -1 55 -1 22 -1 -2
24 -1 24 -1 15 -1 12 -1 11 -1 34 -1 14 -1 27 -1 35 -1 34 -1 4 -1 6 -1 21 -1 22 -1 22 -1 -2
22 -1 22 -1 7 -1 4 -1 33 -1 25 -1 22 -1 22 -1 8 -1 20 -1 42 -1 14 -1 13 -1 27 -1 35 -1 21 -1 34 -1 3 -1 22 -1 22 -1 4 -1 55 -1 33 -1 25 -1 36 -1 8 -1 6 -1 42 -1 27 -1 12 -1 11 -1 44 -1 21 -1 34 -1 3 -1 7 -1 4 -1 55 -1 33 -1 25 -1 8 -1 52 -1 32 -1 15 -1 27 -1 35 -1 11 -1 21 -1 34 -1 3 -1 4 -1 33 -1 25 -1 8 -1 20 -1 14 -1 27 -1 35 -1 12 -1 11 -1 44 -1 21 -1 34 -1 3 -1 7 -1 33 -1 25 -1 36 -1 8 -1 6 -1 34 -1 32 -1 15 -1 13 -1 27 -1 35 -1 11 -1 21 -1 3 -1 4 -1 33 -1 25 -1 8 -1 20 -1 34 -1 33 -1 24 -1 24 -1 3 -1 22 -1 22 -1 -2
22 -1 22 -1 6 -1 8 -1 4 -1 36 -1 20 -1 42 -1 12 -1 14 -1 27 -1 35 -1 33 -1 11 -1 70 -1 34 -1 3 -1 8 -1 25 -1 36 -1 20 -1 12 -1 15 -1 44 -1 14 -1 27 -1 35 -1 33 -1 11 -1 34 -1 3 -1 8 -1 25 -1 21 -1 36 -1 20 -1 43 -1 35 -1 8 -1 7 -1 25 -1 4 -1 21 -1 36 -1 20 -1 12 -1 15 -1 13 -1 44 -1 14 -1 27 -1 35 -1 33 -1 11 -1 34 -1 3 -1 8 -1 25 -1 4 -1 12 -1 15 -1 13 -1 44 -1 14 -1 27 -1 35 -1 33 -1 11 -1 34 -1 3 -1 8 -1 24 -1 33 -1 24 -1 7 -1 25 -1 33 -1 24 -1 24 -1 22 -1 22 -1 20 -1 32 -1 43 -1 35 -1 34 -1 22 -1 22 -1 25 -1 21 -1 20 -1 22 -1 34 -1 23 -1 22 -1 22 -1 23 -1 23 -1 23 -1 23 -1 23 -1 3 -1 22 -1 -2
22 -1 22 -1 24 -1 24 -1 27 -1 35 -1 11 -1 21 -1 8 -1 34 -1 24 -1 24 -1 25 -1 24 -1 24 -1 43 -1 24 -1 24 -1 33 -1 27 -1 11 -1 33 -1 34 -1 3 -1 24 -1 24 -1 3 -1 22 -1 22 -1 -2
22 -1 22 -1 33 -1 34 -1 35 -1 25 -1 21 -1 12 -1 13 -1 44 -1 34 -1 35 -1 25 -1 3 -1 36 -1 33 -1 11 -1 34 -1 27 -1 35 -1 25 -1 36 -1 3 -1 22 -1 3 -1 22 -1 -2
22 -1 22 -1 16 -1 21 -1 20 -1 36 -1 43 -1 35 -1 11 -1 44 -1 14 -1 34 -1 27 -1 3 -1 25 -1 43 -1 34 -1 27 -1 3 -1 21 -1 34 -1 27 -1 22 -1 22 -1 -2
22 -1 24 -1 22 -1 24 -1 8 -1 25 -1 7 -1 4 -1 15 -1 14 -1 20 -1 36 -1 35 -1 11 -1 44 -1 27 -1 21 -1 34 -1 33 -1 3 -1 8 -1 25 -1 4 -1 14 -1 36 -1 32 -1 35 -1 11 -1 27 -1 34 -1 33 -1 25 -1 32 -1 35 -1 34 -1 22 -1 22 -1 32 -1 34 -1 32 -1 24 -1 24 -1 22 -1 22 -1 -2
23 -1 3 -1 22 -1 23 -1 22 -1 20 -1 7 -1 4 -1 36 -1 8 -1 35 -1 13 -1 11 -1 44 -1 27 -1 25 -1 3 -1 33 -1 34 -1 36 -1 21 -1 35 -1 13 -1 11 -1 44 -1 27 -1 25 -1 3 -1 33 -1 34 -1 36 -1 8 -1 21 -1 14 -1 35 -1 15 -1 11 -1 44 -1 27 -1 25 -1 3 -1 33 -1 34 -1 20 -1 7 -1 4 -1 36 -1 8 -1 21 -1 14 -1 12 -1 35 -1 32 -1 11 -1 44 -1 27 -1 25 -1 3 -1 33 -1 34 -1 20 -1 4 -1 32 -1 25 -1 34 -1 22 -1 22 -1 -2
24 -1 24 -1 25 -1 34 -1 22 -1 22 -1 20 -1 14 -1 36 -1 35 -1 44 -1 32 -1 8 -1 25 -1 34 -1 3 -1 20 -1 36 -1 27 -1 35 -1 11 -1 44 -1 25 -1 34 -1 3 -1 20 -1 36 -1 27 -1 11 -1 8 -1 20 -1 14 -1 36 -1 27 -1 11 -1 25 -1 34 -1 27 -1 11 -1 43 -1 8 -1 22 -1 22 -1 -2
24 -1 24 -1 25 -1 20 -1 42 -1 36 -1 10 -1 34 -1 27 -1 8 -1 21 -1 25 -1 20 -1 7 -1 4 -1 15 -1 11 -1 44 -1 14 -1 34 -1 27 -1 35 -1 3 -1 43 -1 33 -1 8 -1 25 -1 24 -1 24 -1 3 -1 22 -1 22 -1 22 -1 22 -1 -2
22 -1 22 -1 20 -1 33 -1 21 -1 14 -1 36 -1 20 -1 32 -1 20 -1 16 -1 11 -1 14 -1 27 -1 22 -1 22 -1 34 -1 20 -1 61 -1 11 -1 27 -1 32 -1 22 -1 22 -1 -2
23 -1 22 -1 23 -1 22 -1 4 -1 36 -1 14 -1 12 -1 15 -1 35 -1 43 -1 22 -1 22 -1 25 -1 27 -1 21 -1 34 -1 11 -1 8 -1 43 -1 33 -1 35 -1 44 -1 11 -1 43 -1 20 -1 22 -1 3 -1 22 -1 -2
22 -1 22 -1 22 -1 22 -1 61 -1 33 -1 25 -1 27 -1 11 -1 8 -1 32 -1 33 -1 20 -1 14 -1 4 -1 11 -1 36 -1 32 -1 34 -1 33 -1 35 -1 32 -1 34 -1 27 -1 20 -1 14 -1 4 -1 35 -1 11 -1 36 -1 34 -1 25 -1 27 -1 25 -1 27 -1 22 -1 22 -1 24 -1 24 -1 22 -1 22 -1 20 -1 22 -1 22 -1 22 -1 22 -1 22 -1 14 -1 22 -1 -2
22 -1 22 -1 42 -1 8 -1 20 -1 14 -1 4 -1 13 -1 44 -1 11 -1 6 -1 27 -1 32 -1 61 -1 33 -1 34 -1 25 -1 3 -1 8 -1 14 -1 15 -1 4 -1 7 -1 35 -1 44 -1 11 -1 12 -1 6 -1 27 -1 32 -1 36 -1 21 -1 61 -1 33 -1 25 -1 34 -1 3 -1 45 -1 8 -1 20 -1 10 -1 4 -1 35 -1 11 -1 22 -1 22 -1 27 -1 52 -1 32 -1 21 -1 33 -1 25 -1 34 -1 42 -1 8 -1 4 -1 7 -1 35 -1 11 -1 3 -1 12 -1 27 -1 32 -1 36 -1 21 -1 33 -1 34 -1 25 -1 8 -1 14 -1 4 -1 13 -1 44 -1 11 -1 3 -1 6 -1 27 -1 3 -1 22 -1 22 -1 -2
24 -1 3 -1 22 -1 24 -1 22 -1 21 -1 36 -1 39 -1 45 -1 10 -1 20 -1 52 -1 25 -1 8 -1 7 -1 6 -1 15 -1 14 -1 4 -1 33 -1 24 -1 33 -1 24 -1 9 -1 42 -1 12 -1 35 -1 34 -1 44 -1 11 -1 13 -1 27 -1 3 -1 36 -1 39 -1 45 -1 10 -1 20 -1 32 -1 52 -1 25 -1 8 -1 7 -1 6 -1 15 -1 14 -1 4 -1 33 -1 61 -1 33 -1 24 -1 24 -1 9 -1 28 -1 33 -1 24 -1 24 -1 12 -1 35 -1 34 -1 44 -1 11 -1 13 -1 27 -1 3 -1 24 -1 24 -1 24 -1 24 -1 21 -1 36 -1 39 -1 45 -1 10 -1 3 -1 22 -1 22 -1 -2
24 -1 24 -1 21 -1 24 -1 24 -1 24 -1 24 -1 24 -1 24 -1 24 -1 24 -1 36 -1 33 -1 24 -1 24 -1 24 -1 24 -1 3 -1 22 -1 22 -1 3 -1 22 -1 22 -1 -2
