19 -1 3 -1 22 -1 19 -1 22 -1 22 -1 22 -1 19 -1 22 -1 19 -1 22 -1 22 -1 22 -1 19 -1 22 -1 19 -1 22 -1 19 -1 21 -1 19 -1 19 -1 3 -1 22 -1 19 -1 -2
19 -1 3 -1 22 -1 22 -1 22 -1 22 -1 19 -1 19 -1 22 -1 22 -1 19 -1 19 -1 19 -1 22 -1 19 -1 22 -1 21 -1 19 -1 3 -1 22 -1 22 -1 21 -1 19 -1 22 -1 19 -1 -2
23 -1 22 -1 19 -1 34 -1 23 -1 19 -1 19 -1 23 -1 34 -1 23 -1 19 -1 3 -1 22 -1 -2
22 -1 21 -1 19 -1 34 -1 23 -1 19 -1 23 -1 22 -1 22 -1 21 -1 19 -1 23 -1 22 -1 22 -1 23 -1 21 -1 19 -1 23 -1 19 -1 23 -1 22 -1 21 -1 19 -1 -2
22 -1 21 -1 19 -1 19 -1 22 -1 22 -1 22 -1 22 -1 22 -1 22 -1 19 -1 19 -1 22 -1 22 -1 22 -1 19 -1 22 -1 23 -1 21 -1 19 -1 22 -1 -2
19 -1 21 -1 19 -1 19 -1 21 -1 19 -1 21 -1 19 -1 3 -1 22 -1 21 -1 19 -1 3 -1 22 -1 22 -1 21 -1 19 -1 21 -1 19 -1 -2
19 -1 19 -1 21 -1 19 -1 19 -1 19 -1 19 -1 19 -1 19 -1 19 -1 19 -1 19 -1 19 -1 19 -1 19 -1 19 -1 19 -1 19 -1 19 -1 19 -1 19 -1 -2
19 -1 23 -1 23 -1 23 -1 21 -1 19 -1 3 -1 22 -1 21 -1 19 -1 22 -1 3 -1 22 -1 19 -1 23 -1 21 -1 19 -1 19 -1 21 -1 19 -1 19 -1 -2
22 -1 19 -1 19 -1 22 -1 22 -1 21 -1 19 -1 21 -1 19 -1 3 -1 22 -1 19 -1 19 -1 3 -1 22 -1 21 -1 19 -1 34 -1 23 -1 22 -1 21 -1 19 -1 -2
19 -1 19 -1 19 -1 3 -1 22 -1 22 -1 19 -1 22 -1 22 -1 19 -1 22 -1 19 -1 22 -1 21 -1 19 -1 22 -1 22 -1 21 -1 19 -1 19 -1 19 -1 32 -1 19 -1 19 -1 22 -1 22 -1 19 -1 19 -1 19 -1 21 -1 3 -1 22 -1 19 -1 -2
37 -1 38 -1 37 -1 38 -1 37 -1 37 -1 37 -1 38 -1 37 -1 37 -1 37 -1 37 -1 37 -1 -2
19 -1 19 -1 42 -1 19 -1 22 -1 3 -1 22 -1 21 -1 3 -1 22 -1 34 -1 23 -1 19 -1 22 -1 23 -1 -2
