1 -1 1 -1 2 -1 8 -1 1 -1 2 -1 2 -1 4 -1 2 -1 1 -1 7 -1 1 -1 4 -1 2 -1 7 -1 1 -1 1 -1 1 -1 1 -1 7 -1 1 -1 7 -1 1 -1 1 -1 1 -1 1 -1 1 -1 1 -1 1 -1 1 -1 1 -1 1 -1 2 -1 2 -1 1 -1 4 -1 2 -1 7 -1 1 -1 7 -1 1 -1 1 -1 4 -1 2 -1 2 -1 2 -1 1 -1 2 -1 2 -1 1 -1 1 -1 2 -1 1 -1 2 -1 2 -1 1 -1 2 -1 2 -1 4 -1 2 -1 7 -1 1 -1 2 -1 2 -1 1 -1 1 -1 1 -1 1 -1 1 -1 1 -1 7 -1 1 -1 1 -1 7 -1 1 -1 1 -1 4 -1 2 -1 1 -1 2 -1 1 -1 6 -1 1 -1 1 -1 1 -1 4 -1 2 -1 1 -1 1 -1 2 -1 1 -1 2 -1 2 -1 2 -1 2 -1 25 -1 2 -1 7 -1 1 -1 4 -1 2 -1 1 -1 7 -1 1 -1 7 -1 1 -1 4 -1 2 -1 1 -1 2 -1 2 -1 2 -1 2 -1 -2
2 -1 7 -1 1 -1 1 -1 2 -1 5 -1 2 -1 5 -1 5 -1 5 -1 2 -1 5 -1 5 -1 5 -1 5 -1 5 -1 2 -1 5 -1 2 -1 5 -1 5 -1 2 -1 2 -1 5 -1 5 -1 5 -1 5 -1 5 -1 5 -1 5 -1 2 -1 5 -1 2 -1 5 -1 5 -1 2 -1 2 -1 4 -1 2 -1 5 -1 4 -1 2 -1 5 -1 2 -1 2 -1 8 -1 5 -1 5 -1 5 -1 5 -1 5 -1 5 -1 5 -1 4 -1 2 -1 5 -1 2 -1 2 -1 5 -1 2 -1 5 -1 2 -1 2 -1 28 -1 5 -1 5 -1 2 -1 2 -1 36 -1 2 -1 5 -1 7 -1 1 -1 5 -1 1 -1 1 -1 2 -1 14 -1 1 -1 2 -1 1 -1 2 -1 2 -1 1 -1 4 -1 2 -1 1 -1 1 -1 2 -1 1 -1 4 -1 2 -1 1 -1 4 -1 2 -1 4 -1 2 -1 4 -1 2 -1 1 -1 1 -1 2 -1 1 -1 4 -1 2 -1 1 -1 4 -1 2 -1 1 -1 1 -1 1 -1 1 -1 1 -1 1 -1 1 -1 2 -1 1 -1 1 -1 4 -1 2 -1 1 -1 10 -1 45 -1 5 -1 5 -1 5 -1 5 -1 5 -1 5 -1 42 -1 5 -1 4 -1 2 -1 5 -1 2 -1 25 -1 5 -1 5 -1 5 -1 2 -1 5 -1 2 -1 5 -1 7 -1 6 -1 5 -1 6 -1 5 -1 5 -1 5 -1 4 -1 2 -1 5 -1 2 -1 2 -1 7 -1 1 -1 1 -1 2 -1 2 -1 1 -1 4 -1 2 -1 1 -1 1 -1 1 -1 1 -1 9 -1 2 -1 1 -1 2 -1 -2
2 -1 2 -1 4 -1 2 -1 4 -1 2 -1 36 -1 14 -1 2 -1 7 -1 1 -1 1 -1 1 -1 2 -1 2 -1 2 -1 1 -1 7 -1 1 -1 1 -1 2 -1 2 -1 2 -1 2 -1 1 -1 2 -1 2 -1 1 -1 35 -1 10 -1 4 -1 2 -1 1 -1 1 -1 4 -1 2 -1 4 -1 2 -1 8 -1 31 -1 1 -1 4 -1 2 -1 31 -1 2 -1 2 -1 1 -1 1 -1 1 -1 1 -1 2 -1 2 -1 1 -1 1 -1 1 -1 2 -1 1 -1 1 -1 2 -1 2 -1 1 -1 7 -1 1 -1 2 -1 25 -1 2 -1 1 -1 1 -1 4 -1 2 -1 1 -1 1 -1 6 -1 2 -1 1 -1 1 -1 2 -1 1 -1 2 -1 1 -1 2 -1 1 -1 2 -1 1 -1 2 -1 2 -1 2 -1 -2
2 -1 1 -1 1 -1 2 -1 1 -1 1 -1 2 -1 7 -1 1 -1 2 -1 7 -1 1 -1 2 -1 1 -1 7 -1 1 -1 1 -1 1 -1 2 -1 1 -1 1 -1 2 -1 1 -1 1 -1 2 -1 6 -1 1 -1 1 -1 4 -1 2 -1 1 -1 2 -1 1 -1 1 -1 2 -1 1 -1 2 -1 -2
2 -1 2 -1 2 -1 2 -1 2 -1 2 -1 2 -1 1 -1 1 -1 1 -1 1 -1 2 -1 1 -1 2 -1 1 -1 2 -1 2 -1 1 -1 1 -1 2 -1 2 -1 2 -1 2 -1 2 -1 36 -1 2 -1 2 -1 1 -1 7 -1 1 -1 1 -1 1 -1 1 -1 4 -1 2 -1 2 -1 1 -1 1 -1 1 -1 1 -1 2 -1 1 -1 1 -1 4 -1 2 -1 4 -1 2 -1 1 -1 2 -1 2 -1 2 -1 1 -1 2 -1 1 -1 4 -1 2 -1 1 -1 1 -1 1 -1 1 -1 9 -1 2 -1 1 -1 2 -1 1 -1 2 -1 1 -1 4 -1 2 -1 7 -1 1 -1 2 -1 7 -1 1 -1 1 -1 4 -1 2 -1 -2
2 -1 7 -1 1 -1 2 -1 6 -1 5 -1 1 -1 5 -1 2 -1 2 -1 2 -1 5 -1 2 -1 5 -1 2 -1 2 -1 5 -1 2 -1 5 -1 2 -1 52 -1 25 -1 33 -1 32 -1 43 -1 4 -1 2 -1 5 -1 5 -1 2 -1 5 -1 5 -1 42 -1 20 -1 5 -1 5 -1 8 -1 5 -1 5 -1 5 -1 4 -1 2 -1 5 -1 2 -1 21 -1 2 -1 1 -1 1 -1 2 -1 1 -1 1 -1 34 -1 27 -1 2 -1 1 -1 1 -1 2 -1 11 -1 14 -1 12 -1 1 -1 2 -1 1 -1 2 -1 1 -1 2 -1 2 -1 1 -1 2 -1 1 -1 2 -1 2 -1 1 -1 2 -1 2 -1 2 -1 2 -1 2 -1 2 -1 2 -1 2 -1 9 -1 59 -1 2 -1 2 -1 59 -1 2 -1 2 -1 2 -1 2 -1 2 -1 2 -1 2 -1 2 -1 59 -1 2 -1 59 -1 2 -1 2 -1 2 -1 2 -1 2 -1 2 -1 2 -1 2 -1 2 -1 2 -1 25 -1 43 -1 33 -1 59 -1 2 -1 59 -1 2 -1 2 -1 2 -1 59 -1 2 -1 59 -1 59 -1 59 -1 2 -1 2 -1 2 -1 2 -1 1 -1 1 -1 1 -1 4 -1 2 -1 1 -1 1 -1 2 -1 2 -1 1 -1 2 -1 1 -1 2 -1 2 -1 7 -1 1 -1 2 -1 1 -1 7 -1 1 -1 2 -1 2 -1 7 -1 1 -1 2 -1 7 -1 1 -1 2 -1 7 -1 1 -1 2 -1 1 -1 2 -1 -2
2 -1 36 -1 1 -1 4 -1 2 -1 4 -1 2 -1 1 -1 2 -1 2 -1 2 -1 5 -1 5 -1 2 -1 5 -1 2 -1 5 -1 2 -1 5 -1 2 -1 2 -1 5 -1 2 -1 5 -1 5 -1 52 -1 5 -1 5 -1 5 -1 5 -1 5 -1 5 -1 2 -1 5 -1 2 -1 5 -1 4 -1 2 -1 1 -1 1 -1 4 -1 2 -1 -2
2 -1 7 -1 1 -1 4 -1 2 -1 2 -1 1 -1 5 -1 2 -1 5 -1 70 -1 45 -1 2 -1 2 -1 55 -1 2 -1 2 -1 2 -1 2 -1 2 -1 2 -1 2 -1 5 -1 5 -1 2 -1 5 -1 5 -1 5 -1 2 -1 5 -1 2 -1 5 -1 5 -1 5 -1 5 -1 21 -1 25 -1 33 -1 3 -1 27 -1 32 -1 34 -1 7 -1 8 -1 5 -1 5 -1 5 -1 5 -1 55 -1 36 -1 52 -1 5 -1 5 -1 5 -1 2 -1 5 -1 2 -1 -2
1 -1 1 -1 1 -1 4 -1 2 -1 2 -1 1 -1 1 -1 2 -1 1 -1 2 -1 1 -1 1 -1 2 -1 25 -1 33 -1 1 -1 1 -1 1 -1 2 -1 1 -1 2 -1 2 -1 1 -1 2 -1 1 -1 2 -1 1 -1 2 -1 1 -1 32 -1 1 -1 2 -1 1 -1 2 -1 20 -1 2 -1 1 -1 1 -1 2 -1 2 -1 1 -1 2 -1 1 -1 2 -1 2 -1 2 -1 58 -1 9 -1 4 -1 2 -1 -2
2 -1 2 -1 2 -1 2 -1 -2
1 -1 2 -1 1 -1 1 -1 2 -1 2 -1 5 -1 1 -1 5 -1 1 -1 1 -1 2 -1 2 -1 2 -1 2 -1 1 -1 2 -1 1 -1 2 -1 2 -1 27 -1 2 -1 -2
2 -1 1 -1 1 -1 2 -1 1 -1 1 -1 2 -1 1 -1 2 -1 2 -1 2 -1 2 -1 1 -1 1 -1 2 -1 1 -1 7 -1 1 -1 1 -1 1 -1 4 -1 2 -1 2 -1 2 -1 1 -1 2 -1 2 -1 1 -1 2 -1 1 -1 2 -1 1 -1 2 -1 1 -1 1 -1 2 -1 2 -1 1 -1 1 -1 1 -1 1 -1 1 -1 2 -1 1 -1 1 -1 2 -1 1 -1 2 -1 1 -1 2 -1 1 -1 1 -1 2 -1 2 -1 2 -1 1 -1 1 -1 -2
