19 -1 3 -1 22 -1 #SUP: 263
3 -1 22 -1 22 -1 #SUP: 257
3 -1 22 -1 22 -1 19 -1 #SUP: 248
3 -1 22 -1 22 -1 21 -1 #SUP: 242
3 -1 22 -1 3 -1 #SUP: 246
3 -1 22 -1 3 -1 22 -1 #SUP: 245
21 -1 19 -1 19 -1 21 -1 19 -1 19 -1 21 -1 19 -1 19 -1 #SUP: 245
19 -1 3 -1 22 -1 19 -1 #SUP: 257
3 -1 22 -1 19 -1 22 -1 #SUP: 242
3 -1 22 -1 19 -1 19 -1 #SUP: 245
3 -1 22 -1 21 -1 19 -1 #SUP: 255
3 -1 22 -1 21 -1 22 -1 #SUP: 244
3 -1 22 -1 21 -1 19 -1 19 -1 #SUP: 244
3 -1 3 -1 #SUP: 250
3 -1 3 -1 22 -1 #SUP: 249
3 -1 19 -1 22 -1 #SUP: 247
22 -1 19 -1 19 -1 22 -1 21 -1 #SUP: 243
3 -1 19 -1 19 -1 #SUP: 248
3 -1 19 -1 19 -1 19 -1 #SUP: 242
3 -1 21 -1 22 -1 #SUP: 247
3 -1 21 -1 19 -1 22 -1 #SUP: 244
3 -1 21 -1 19 -1 19 -1 #SUP: 247
19 -1 19 -1 19 -1 19 -1 #SUP: 272
19 -1 22 -1 #SUP: 271
19 -1 22 -1 22 -1 #SUP: 265
19 -1 22 -1 22 -1 22 -1 #SUP: 259
19 -1 22 -1 22 -1 22 -1 22 -1 #SUP: 244
19 -1 21 -1 19 -1 21 -1 19 -1 19 -1 19 -1 21 -1 19 -1 #SUP: 249
19 -1 22 -1 22 -1 22 -1 19 -1 #SUP: 250
22 -1 21 -1 21 -1 19 -1 21 -1 19 -1 #SUP: 254
19 -1 22 -1 22 -1 3 -1 #SUP: 244
19 -1 19 -1 19 -1 21 -1 19 -1 21 -1 19 -1 19 -1 19 -1 19 -1 #SUP: 248
19 -1 22 -1 22 -1 3 -1 22 -1 #SUP: 242
19 -1 22 -1 22 -1 19 -1 #SUP: 263
19 -1 22 -1 22 -1 19 -1 22 -1 #SUP: 251
19 -1 21 -1 21 -1 19 -1 19 -1 19 -1 19 -1 19 -1 #SUP: 253
19 -1 22 -1 22 -1 19 -1 19 -1 #SUP: 254
19 -1 22 -1 22 -1 19 -1 19 -1 19 -1 #SUP: 251
19 -1 22 -1 22 -1 21 -1 19 -1 #SUP: 257
19 -1 22 -1 22 -1 21 -1 22 -1 #SUP: 248
19 -1 19 -1 19 -1 19 -1 19 -1 3 -1 #SUP: 250
19 -1 22 -1 22 -1 21 -1 19 -1 22 -1 #SUP: 244
22 -1 21 -1 19 -1 19 -1 19 -1 19 -1 19 -1 19 -1 19 -1 #SUP: 248
19 -1 22 -1 22 -1 21 -1 19 -1 19 -1 #SUP: 249
19 -1 22 -1 22 -1 21 -1 19 -1 19 -1 19 -1 #SUP: 243
19 -1 22 -1 3 -1 22 -1 #SUP: 255
19 -1 22 -1 3 -1 22 -1 22 -1 #SUP: 247
19 -1 22 -1 3 -1 22 -1 19 -1 #SUP: 249
19 -1 19 -1 19 -1 21 -1 19 -1 19 -1 19 -1 19 -1 19 -1 #SUP: 252
19 -1 22 -1 19 -1 19 -1 #SUP: 268
19 -1 22 -1 19 -1 22 -1 #SUP: 264
19 -1 22 -1 19 -1 22 -1 22 -1 #SUP: 254
21 -1 22 -1 22 -1 19 -1 #SUP: 251
19 -1 22 -1 19 -1 22 -1 22 -1 19 -1 #SUP: 244
19 -1 22 -1 19 -1 22 -1 19 -1 #SUP: 259
19 -1 22 -1 19 -1 22 -1 19 -1 19 -1 #SUP: 243
19 -1 22 -1 19 -1 22 -1 21 -1 19 -1 #SUP: 249
19 -1 22 -1 19 -1 3 -1 22 -1 #SUP: 253
19 -1 22 -1 19 -1 3 -1 22 -1 19 -1 #SUP: 244
19 -1 22 -1 19 -1 3 -1 19 -1 #SUP: 245
19 -1 21 -1 19 -1 19 -1 19 -1 3 -1 #SUP: 248
19 -1 21 -1 21 -1 19 -1 22 -1 21 -1 19 -1 #SUP: 242
19 -1 22 -1 19 -1 19 -1 22 -1 #SUP: 260
19 -1 22 -1 19 -1 19 -1 22 -1 22 -1 #SUP: 242
19 -1 22 -1 19 -1 19 -1 22 -1 19 -1 #SUP: 250
19 -1 22 -1 19 -1 19 -1 3 -1 #SUP: 249
19 -1 22 -1 19 -1 19 -1 3 -1 22 -1 #SUP: 246
19 -1 22 -1 19 -1 19 -1 19 -1 #SUP: 266
19 -1 22 -1 19 -1 19 -1 19 -1 22 -1 #SUP: 252
19 -1 22 -1 19 -1 19 -1 19 -1 19 -1 #SUP: 259
19 -1 22 -1 19 -1 19 -1 19 -1 19 -1 22 -1 #SUP: 251
19 -1 22 -1 19 -1 19 -1 19 -1 19 -1 19 -1 #SUP: 257
19 -1 22 -1 19 -1 19 -1 19 -1 19 -1 19 -1 22 -1 #SUP: 244
19 -1 22 -1 19 -1 19 -1 19 -1 19 -1 19 -1 19 -1 #SUP: 251
19 -1 22 -1 19 -1 19 -1 19 -1 19 -1 19 -1 19 -1 22 -1 #SUP: 242
19 -1 22 -1 19 -1 19 -1 19 -1 19 -1 19 -1 19 -1 19 -1 #SUP: 249
19 -1 22 -1 19 -1 19 -1 19 -1 19 -1 21 -1 19 -1 #SUP: 244
19 -1 22 -1 19 -1 19 -1 19 -1 21 -1 19 -1 #SUP: 248
21 -1 21 -1 19 -1 19 -1 21 -1 19 -1 19 -1 19 -1 #SUP: 248
19 -1 22 -1 19 -1 19 -1 19 -1 21 -1 19 -1 19 -1 #SUP: 246
19 -1 22 -1 19 -1 19 -1 19 -1 21 -1 19 -1 19 -1 19 -1 #SUP: 242
19 -1 22 -1 19 -1 19 -1 21 -1 19 -1 #SUP: 257
19 -1 22 -1 19 -1 19 -1 21 -1 22 -1 #SUP: 244
19 -1 22 -1 19 -1 19 -1 21 -1 19 -1 19 -1 22 -1 #SUP: 242
19 -1 22 -1 19 -1 19 -1 21 -1 19 -1 19 -1 #SUP: 252
19 -1 22 -1 19 -1 19 -1 21 -1 19 -1 19 -1 19 -1 #SUP: 247
19 -1 22 -1 19 -1 19 -1 21 -1 19 -1 19 -1 19 -1 19 -1 #SUP: 243
19 -1 22 -1 19 -1 19 -1 21 -1 19 -1 19 -1 19 -1 19 -1 19 -1 #SUP: 242
19 -1 22 -1 19 -1 19 -1 21 -1 19 -1 21 -1 19 -1 #SUP: 245
19 -1 22 -1 19 -1 19 -1 21 -1 19 -1 21 -1 19 -1 19 -1 #SUP: 242
19 -1 22 -1 19 -1 21 -1 19 -1 #SUP: 262
19 -1 22 -1 19 -1 21 -1 19 -1 22 -1 #SUP: 253
19 -1 22 -1 19 -1 21 -1 19 -1 22 -1 19 -1 #SUP: 245
21 -1 19 -1 21 -1 19 -1 19 -1 19 -1 21 -1 19 -1 19 -1 #SUP: 249
19 -1 22 -1 19 -1 21 -1 3 -1 #SUP: 245
19 -1 21 -1 21 -1 19 -1 19 -1 21 -1 19 -1 19 -1 19 -1 #SUP: 247
19 -1 22 -1 19 -1 21 -1 3 -1 22 -1 #SUP: 243
19 -1 22 -1 19 -1 21 -1 19 -1 3 -1 #SUP: 244
19 -1 22 -1 19 -1 21 -1 19 -1 19 -1 #SUP: 260
19 -1 22 -1 19 -1 21 -1 19 -1 19 -1 19 -1 22 -1 #SUP: 247
19 -1 22 -1 19 -1 21 -1 19 -1 19 -1 19 -1 #SUP: 254
19 -1 22 -1 19 -1 21 -1 19 -1 19 -1 19 -1 19 -1 #SUP: 253
19 -1 22 -1 19 -1 21 -1 19 -1 19 -1 19 -1 19 -1 19 -1 #SUP: 247
22 -1 19 -1 22 -1 22 -1 22 -1 #SUP: 243
19 -1 22 -1 19 -1 21 -1 19 -1 19 -1 19 -1 19 -1 19 -1 19 -1 #SUP: 243
19 -1 22 -1 19 -1 21 -1 19 -1 19 -1 21 -1 19 -1 #SUP: 246
19 -1 22 -1 19 -1 21 -1 19 -1 19 -1 21 -1 19 -1 19 -1 #SUP: 244
19 -1 19 -1 21 -1 19 -1 21 -1 19 -1 19 -1 19 -1 21 -1 19 -1 #SUP: 244
19 -1 22 -1 19 -1 21 -1 19 -1 21 -1 19 -1 #SUP: 253
22 -1 21 -1 21 -1 19 -1 22 -1 #SUP: 255
19 -1 22 -1 19 -1 21 -1 19 -1 21 -1 22 -1 #SUP: 243
22 -1 19 -1 21 -1 19 -1 19 -1 21 -1 19 -1 19 -1 19 -1 #SUP: 244
19 -1 22 -1 19 -1 21 -1 19 -1 21 -1 19 -1 19 -1 #SUP: 249
19 -1 19 -1 21 -1 21 -1 19 -1 19 -1 21 -1 19 -1 #SUP: 249
19 -1 22 -1 19 -1 21 -1 19 -1 21 -1 19 -1 19 -1 19 -1 #SUP: 246
19 -1 22 -1 19 -1 21 -1 19 -1 21 -1 19 -1 21 -1 19 -1 #SUP: 243
19 -1 22 -1 19 -1 21 -1 21 -1 22 -1 #SUP: 245
19 -1 22 -1 19 -1 21 -1 21 -1 19 -1 22 -1 #SUP: 243
19 -1 22 -1 19 -1 21 -1 21 -1 19 -1 19 -1 #SUP: 250
19 -1 22 -1 19 -1 21 -1 21 -1 19 -1 21 -1 19 -1 #SUP: 244
19 -1 22 -1 21 -1 19 -1 19 -1 #SUP: 266
19 -1 22 -1 21 -1 19 -1 22 -1 #SUP: 262
19 -1 22 -1 21 -1 22 -1 22 -1 #SUP: 253
19 -1 22 -1 21 -1 22 -1 22 -1 19 -1 #SUP: 245
19 -1 22 -1 21 -1 19 -1 22 -1 19 -1 #SUP: 258
19 -1 22 -1 21 -1 22 -1 21 -1 19 -1 #SUP: 248
22 -1 19 -1 19 -1 19 -1 19 -1 19 -1 19 -1 19 -1 #SUP: 252
19 -1 22 -1 21 -1 3 -1 22 -1 #SUP: 251
19 -1 22 -1 21 -1 3 -1 22 -1 19 -1 #SUP: 243
21 -1 19 -1 19 -1 21 -1 19 -1 3 -1 #SUP: 247
19 -1 22 -1 21 -1 19 -1 22 -1 22 -1 #SUP: 249
19 -1 22 -1 21 -1 19 -1 22 -1 21 -1 19 -1 #SUP: 247
19 -1 22 -1 21 -1 19 -1 3 -1 #SUP: 250
19 -1 22 -1 21 -1 19 -1 3 -1 22 -1 #SUP: 249
19 -1 22 -1 21 -1 19 -1 19 -1 22 -1 #SUP: 256
19 -1 22 -1 21 -1 19 -1 19 -1 22 -1 19 -1 #SUP: 243
19 -1 22 -1 21 -1 19 -1 19 -1 3 -1 #SUP: 244
19 -1 22 -1 21 -1 19 -1 19 -1 19 -1 #SUP: 263
19 -1 22 -1 21 -1 19 -1 19 -1 19 -1 22 -1 #SUP: 250
19 -1 19 -1 21 -1 19 -1 19 -1 22 -1 19 -1 #SUP: 244
19 -1 22 -1 21 -1 19 -1 19 -1 19 -1 19 -1 #SUP: 257
19 -1 22 -1 21 -1 19 -1 19 -1 19 -1 19 -1 22 -1 #SUP: 246
19 -1 22 -1 21 -1 19 -1 19 -1 19 -1 19 -1 19 -1 #SUP: 254
19 -1 19 -1 19 -1 21 -1 19 -1 19 -1 19 -1 19 -1 #SUP: 256
19 -1 22 -1 21 -1 19 -1 19 -1 19 -1 19 -1 19 -1 19 -1 #SUP: 248
19 -1 19 -1 21 -1 21 -1 19 -1 21 -1 19 -1 19 -1 19 -1 #SUP: 250
19 -1 22 -1 21 -1 19 -1 19 -1 19 -1 19 -1 19 -1 19 -1 19 -1 #SUP: 244
19 -1 22 -1 21 -1 19 -1 19 -1 19 -1 19 -1 21 -1 19 -1 #SUP: 242
19 -1 22 -1 21 -1 19 -1 19 -1 19 -1 21 -1 19 -1 #SUP: 245
19 -1 22 -1 21 -1 19 -1 19 -1 19 -1 21 -1 19 -1 19 -1 #SUP: 243
19 -1 22 -1 21 -1 19 -1 19 -1 21 -1 19 -1 #SUP: 254
19 -1 22 -1 21 -1 19 -1 19 -1 21 -1 22 -1 #SUP: 242
19 -1 22 -1 21 -1 19 -1 19 -1 21 -1 19 -1 19 -1 #SUP: 250
19 -1 22 -1 21 -1 19 -1 19 -1 21 -1 19 -1 19 -1 19 -1 #SUP: 245
19 -1 22 -1 21 -1 19 -1 19 -1 21 -1 19 -1 21 -1 19 -1 #SUP: 242
19 -1 22 -1 21 -1 19 -1 21 -1 19 -1 #SUP: 261
19 -1 22 -1 21 -1 19 -1 21 -1 19 -1 22 -1 #SUP: 248
19 -1 22 -1 21 -1 19 -1 21 -1 19 -1 19 -1 #SUP: 258
19 -1 22 -1 21 -1 19 -1 21 -1 19 -1 19 -1 19 -1 22 -1 #SUP: 243
19 -1 22 -1 21 -1 19 -1 21 -1 19 -1 19 -1 19 -1 #SUP: 253
19 -1 22 -1 21 -1 19 -1 21 -1 19 -1 19 -1 19 -1 19 -1 #SUP: 250
19 -1 22 -1 21 -1 19 -1 21 -1 19 -1 19 -1 19 -1 19 -1 19 -1 #SUP: 244
21 -1 19 -1 21 -1 19 -1 19 -1 21 -1 19 -1 22 -1 #SUP: 244
19 -1 22 -1 21 -1 19 -1 21 -1 19 -1 19 -1 21 -1 19 -1 #SUP: 244
19 -1 22 -1 21 -1 19 -1 21 -1 19 -1 21 -1 19 -1 #SUP: 249
19 -1 22 -1 21 -1 19 -1 21 -1 19 -1 21 -1 19 -1 19 -1 #SUP: 246
19 -1 22 -1 21 -1 19 -1 21 -1 19 -1 21 -1 19 -1 19 -1 19 -1 #SUP: 242
19 -1 22 -1 21 -1 21 -1 19 -1 22 -1 #SUP: 251
19 -1 22 -1 21 -1 21 -1 19 -1 22 -1 19 -1 #SUP: 243
19 -1 22 -1 21 -1 21 -1 3 -1 #SUP: 242
19 -1 22 -1 21 -1 21 -1 19 -1 19 -1 #SUP: 259
19 -1 22 -1 21 -1 21 -1 19 -1 19 -1 19 -1 22 -1 #SUP: 244
19 -1 21 -1 19 -1 19 -1 19 -1 21 -1 19 -1 19 -1 19 -1 19 -1 #SUP: 244
21 -1 19 -1 21 -1 19 -1 21 -1 19 -1 19 -1 19 -1 22 -1 #SUP: 242
19 -1 22 -1 21 -1 21 -1 19 -1 19 -1 19 -1 19 -1 #SUP: 251
19 -1 22 -1 21 -1 21 -1 19 -1 19 -1 19 -1 19 -1 19 -1 #SUP: 245
19 -1 22 -1 21 -1 21 -1 19 -1 19 -1 21 -1 19 -1 #SUP: 245
19 -1 22 -1 21 -1 21 -1 19 -1 19 -1 21 -1 19 -1 19 -1 #SUP: 242
19 -1 22 -1 21 -1 21 -1 19 -1 21 -1 19 -1 #SUP: 250
19 -1 22 -1 21 -1 21 -1 19 -1 21 -1 19 -1 19 -1 19 -1 #SUP: 244
19 -1 3 -1 22 -1 22 -1 #SUP: 256
19 -1 3 -1 22 -1 22 -1 19 -1 #SUP: 247
19 -1 3 -1 22 -1 3 -1 #SUP: 244
19 -1 3 -1 22 -1 3 -1 22 -1 #SUP: 243
19 -1 3 -1 22 -1 19 -1 19 -1 #SUP: 243
19 -1 3 -1 22 -1 21 -1 19 -1 #SUP: 253
19 -1 3 -1 22 -1 21 -1 22 -1 #SUP: 242
19 -1 21 -1 21 -1 19 -1 21 -1 19 -1 19 -1 19 -1 22 -1 #SUP: 242
19 -1 3 -1 3 -1 #SUP: 248
19 -1 3 -1 3 -1 22 -1 #SUP: 247
19 -1 3 -1 19 -1 22 -1 #SUP: 246
21 -1 19 -1 21 -1 19 -1 21 -1 19 -1 21 -1 22 -1 #SUP: 246
19 -1 3 -1 19 -1 19 -1 #SUP: 247
19 -1 3 -1 21 -1 22 -1 #SUP: 245
19 -1 3 -1 21 -1 19 -1 22 -1 #SUP: 242
19 -1 3 -1 21 -1 19 -1 19 -1 #SUP: 245
19 -1 19 -1 22 -1 #SUP: 270
19 -1 19 -1 22 -1 22 -1 #SUP: 260
19 -1 19 -1 22 -1 22 -1 22 -1 #SUP: 245
19 -1 19 -1 22 -1 22 -1 19 -1 #SUP: 254
19 -1 19 -1 22 -1 22 -1 19 -1 19 -1 #SUP: 242
19 -1 19 -1 19 -1 19 -1 19 -1 21 -1 19 -1 19 -1 19 -1 19 -1 #SUP: 243
19 -1 19 -1 22 -1 22 -1 21 -1 19 -1 #SUP: 246
19 -1 19 -1 22 -1 3 -1 #SUP: 244
19 -1 19 -1 22 -1 19 -1 #SUP: 263
19 -1 19 -1 22 -1 19 -1 22 -1 #SUP: 247
19 -1 19 -1 22 -1 19 -1 19 -1 #SUP: 253
19 -1 19 -1 22 -1 19 -1 19 -1 19 -1 #SUP: 246
22 -1 22 -1 19 -1 3 -1 22 -1 #SUP: 245
19 -1 19 -1 22 -1 21 -1 19 -1 #SUP: 258
19 -1 19 -1 19 -1 19 -1 21 -1 19 -1 19 -1 #SUP: 261
19 -1 19 -1 22 -1 21 -1 22 -1 #SUP: 246
19 -1 19 -1 22 -1 21 -1 19 -1 19 -1 #SUP: 248
19 -1 19 -1 3 -1 22 -1 #SUP: 261
19 -1 19 -1 3 -1 22 -1 22 -1 #SUP: 249
19 -1 21 -1 19 -1 19 -1 19 -1 21 -1 19 -1 19 -1 #SUP: 253
19 -1 19 -1 3 -1 22 -1 19 -1 #SUP: 252
19 -1 19 -1 3 -1 22 -1 21 -1 19 -1 #SUP: 246
19 -1 19 -1 3 -1 3 -1 #SUP: 243
19 -1 19 -1 19 -1 22 -1 #SUP: 268
19 -1 19 -1 19 -1 22 -1 22 -1 #SUP: 254
19 -1 19 -1 19 -1 22 -1 19 -1 #SUP: 260
19 -1 19 -1 19 -1 22 -1 19 -1 19 -1 #SUP: 246
19 -1 19 -1 19 -1 22 -1 19 -1 19 -1 19 -1 #SUP: 243
22 -1 22 -1 22 -1 21 -1 #SUP: 246
19 -1 19 -1 19 -1 22 -1 21 -1 19 -1 #SUP: 255
19 -1 19 -1 19 -1 22 -1 21 -1 19 -1 19 -1 #SUP: 242
19 -1 19 -1 19 -1 3 -1 #SUP: 259
19 -1 19 -1 19 -1 3 -1 22 -1 #SUP: 257
19 -1 19 -1 19 -1 3 -1 22 -1 19 -1 #SUP: 243
19 -1 19 -1 19 -1 3 -1 19 -1 #SUP: 246
19 -1 19 -1 19 -1 19 -1 22 -1 #SUP: 262
19 -1 19 -1 19 -1 19 -1 22 -1 22 -1 #SUP: 243
19 -1 19 -1 19 -1 19 -1 19 -1 22 -1 19 -1 #SUP: 246
19 -1 19 -1 19 -1 19 -1 3 -1 #SUP: 252
19 -1 19 -1 19 -1 19 -1 3 -1 22 -1 #SUP: 249
19 -1 21 -1 19 -1 19 -1 21 -1 19 -1 21 -1 19 -1 #SUP: 253
19 -1 19 -1 19 -1 19 -1 19 -1 19 -1 #SUP: 266
19 -1 19 -1 19 -1 19 -1 19 -1 22 -1 #SUP: 260
19 -1 19 -1 19 -1 19 -1 19 -1 3 -1 22 -1 #SUP: 247
19 -1 19 -1 19 -1 19 -1 19 -1 19 -1 22 -1 #SUP: 253
19 -1 19 -1 19 -1 19 -1 19 -1 19 -1 3 -1 #SUP: 246
19 -1 19 -1 19 -1 19 -1 19 -1 19 -1 3 -1 22 -1 #SUP: 243
19 -1 19 -1 19 -1 19 -1 19 -1 19 -1 19 -1 #SUP: 262
19 -1 19 -1 19 -1 19 -1 19 -1 19 -1 19 -1 22 -1 #SUP: 251
19 -1 19 -1 19 -1 19 -1 19 -1 19 -1 19 -1 3 -1 #SUP: 243
19 -1 19 -1 19 -1 19 -1 19 -1 19 -1 19 -1 19 -1 #SUP: 259
19 -1 19 -1 19 -1 19 -1 19 -1 19 -1 19 -1 19 -1 22 -1 #SUP: 247
22 -1 22 -1 21 -1 19 -1 21 -1 19 -1 19 -1 19 -1 #SUP: 244
19 -1 19 -1 19 -1 19 -1 19 -1 19 -1 19 -1 19 -1 19 -1 #SUP: 250
21 -1 21 -1 19 -1 19 -1 22 -1 19 -1 #SUP: 243
22 -1 22 -1 19 -1 21 -1 19 -1 19 -1 19 -1 #SUP: 247
19 -1 19 -1 19 -1 19 -1 19 -1 19 -1 19 -1 19 -1 19 -1 19 -1 #SUP: 249
19 -1 19 -1 19 -1 19 -1 19 -1 19 -1 19 -1 21 -1 19 -1 #SUP: 245
22 -1 21 -1 19 -1 21 -1 19 -1 19 -1 19 -1 19 -1 19 -1 #SUP: 248
19 -1 19 -1 19 -1 19 -1 19 -1 19 -1 21 -1 19 -1 #SUP: 251
19 -1 19 -1 19 -1 19 -1 19 -1 19 -1 21 -1 19 -1 19 -1 #SUP: 249
19 -1 19 -1 19 -1 19 -1 19 -1 19 -1 21 -1 19 -1 19 -1 19 -1 #SUP: 243
19 -1 19 -1 21 -1 19 -1 19 -1 21 -1 19 -1 19 -1 21 -1 19 -1 #SUP: 243
19 -1 19 -1 19 -1 19 -1 19 -1 21 -1 19 -1 #SUP: 255
19 -1 19 -1 19 -1 19 -1 21 -1 19 -1 21 -1 22 -1 #SUP: 242
19 -1 19 -1 19 -1 19 -1 19 -1 21 -1 19 -1 19 -1 #SUP: 252
22 -1 19 -1 19 -1 3 -1 #SUP: 253
19 -1 19 -1 19 -1 19 -1 19 -1 21 -1 19 -1 19 -1 19 -1 #SUP: 246
19 -1 19 -1 19 -1 19 -1 19 -1 21 -1 19 -1 21 -1 19 -1 #SUP: 243
19 -1 19 -1 19 -1 19 -1 21 -1 #SUP: 263
19 -1 19 -1 19 -1 19 -1 21 -1 22 -1 #SUP: 251
19 -1 19 -1 19 -1 19 -1 21 -1 3 -1 #SUP: 246
19 -1 19 -1 19 -1 19 -1 21 -1 3 -1 22 -1 #SUP: 243
19 -1 19 -1 19 -1 19 -1 21 -1 19 -1 #SUP: 262
19 -1 19 -1 19 -1 19 -1 21 -1 19 -1 22 -1 #SUP: 250
19 -1 19 -1 19 -1 19 -1 21 -1 19 -1 3 -1 #SUP: 245
19 -1 19 -1 19 -1 19 -1 21 -1 19 -1 3 -1 22 -1 #SUP: 242
21 -1 19 -1 21 -1 19 -1 19 -1 19 -1 19 -1 21 -1 19 -1 #SUP: 243
19 -1 19 -1 19 -1 19 -1 21 -1 19 -1 19 -1 22 -1 #SUP: 247
19 -1 19 -1 19 -1 19 -1 21 -1 19 -1 19 -1 3 -1 #SUP: 242
19 -1 19 -1 19 -1 19 -1 21 -1 19 -1 19 -1 19 -1 #SUP: 255
19 -1 19 -1 19 -1 19 -1 21 -1 19 -1 19 -1 19 -1 22 -1 #SUP: 244
19 -1 19 -1 19 -1 19 -1 21 -1 19 -1 19 -1 19 -1 19 -1 #SUP: 252
19 -1 19 -1 19 -1 19 -1 21 -1 19 -1 19 -1 19 -1 19 -1 19 -1 #SUP: 247
19 -1 19 -1 19 -1 19 -1 21 -1 19 -1 19 -1 21 -1 19 -1 #SUP: 246
22 -1 21 -1 19 -1 21 -1 19 -1 19 -1 19 -1 21 -1 19 -1 #SUP: 247
19 -1 19 -1 19 -1 19 -1 21 -1 19 -1 19 -1 21 -1 19 -1 19 -1 #SUP: 242
19 -1 19 -1 19 -1 19 -1 21 -1 19 -1 21 -1 19 -1 #SUP: 251
19 -1 19 -1 21 -1 19 -1 22 -1 22 -1 #SUP: 249
19 -1 19 -1 19 -1 19 -1 21 -1 19 -1 21 -1 19 -1 19 -1 #SUP: 248
22 -1 22 -1 19 -1 3 -1 #SUP: 248
19 -1 19 -1 19 -1 19 -1 21 -1 19 -1 21 -1 19 -1 19 -1 19 -1 #SUP: 244
19 -1 19 -1 19 -1 19 -1 21 -1 19 -1 21 -1 19 -1 19 -1 19 -1 19 -1 #SUP: 242
19 -1 19 -1 19 -1 19 -1 21 -1 21 -1 #SUP: 252
19 -1 19 -1 19 -1 19 -1 21 -1 21 -1 22 -1 #SUP: 243
19 -1 19 -1 19 -1 21 -1 19 -1 #SUP: 268
19 -1 19 -1 19 -1 21 -1 22 -1 #SUP: 255
19 -1 19 -1 19 -1 21 -1 3 -1 #SUP: 250
19 -1 19 -1 21 -1 19 -1 19 -1 21 -1 19 -1 19 -1 19 -1 #SUP: 251
19 -1 19 -1 19 -1 21 -1 3 -1 22 -1 #SUP: 247
19 -1 19 -1 19 -1 21 -1 19 -1 22 -1 #SUP: 254
19 -1 21 -1 19 -1 21 -1 19 -1 19 -1 21 -1 19 -1 #SUP: 254
19 -1 19 -1 19 -1 21 -1 19 -1 3 -1 #SUP: 248
19 -1 19 -1 21 -1 19 -1 3 -1 19 -1 #SUP: 242
19 -1 19 -1 19 -1 21 -1 19 -1 3 -1 22 -1 #SUP: 245
21 -1 19 -1 21 -1 19 -1 21 -1 19 -1 19 -1 21 -1 19 -1 #SUP: 247
22 -1 19 -1 19 -1 19 -1 19 -1 19 -1 22 -1 #SUP: 248
19 -1 19 -1 19 -1 21 -1 19 -1 19 -1 #SUP: 263
19 -1 19 -1 19 -1 21 -1 19 -1 19 -1 22 -1 #SUP: 253
19 -1 19 -1 19 -1 21 -1 19 -1 19 -1 3 -1 #SUP: 246
19 -1 19 -1 19 -1 21 -1 19 -1 19 -1 3 -1 22 -1 #SUP: 243
19 -1 19 -1 19 -1 21 -1 19 -1 19 -1 19 -1 #SUP: 261
19 -1 19 -1 19 -1 21 -1 19 -1 19 -1 19 -1 22 -1 #SUP: 248
19 -1 19 -1 19 -1 21 -1 19 -1 19 -1 19 -1 19 -1 22 -1 #SUP: 244
19 -1 19 -1 19 -1 21 -1 19 -1 19 -1 19 -1 19 -1 19 -1 19 -1 #SUP: 245
19 -1 19 -1 19 -1 21 -1 19 -1 19 -1 21 -1 19 -1 #SUP: 250
19 -1 19 -1 21 -1 19 -1 19 -1 19 -1 19 -1 19 -1 19 -1 #SUP: 251
19 -1 21 -1 19 -1 21 -1 19 -1 3 -1 #SUP: 250
19 -1 19 -1 19 -1 21 -1 19 -1 19 -1 21 -1 19 -1 19 -1 #SUP: 245
19 -1 19 -1 19 -1 21 -1 19 -1 21 -1 #SUP: 260
19 -1 19 -1 19 -1 21 -1 19 -1 21 -1 22 -1 #SUP: 249
19 -1 19 -1 19 -1 21 -1 19 -1 21 -1 3 -1 #SUP: 243
19 -1 19 -1 19 -1 21 -1 19 -1 21 -1 19 -1 #SUP: 259
19 -1 19 -1 19 -1 21 -1 19 -1 21 -1 19 -1 22 -1 #SUP: 247
19 -1 21 -1 21 -1 19 -1 19 -1 19 -1 19 -1 22 -1 #SUP: 247
19 -1 19 -1 19 -1 21 -1 19 -1 21 -1 19 -1 19 -1 #SUP: 257
22 -1 19 -1 21 -1 19 -1 21 -1 19 -1 #SUP: 257
19 -1 19 -1 19 -1 21 -1 19 -1 21 -1 19 -1 19 -1 19 -1 #SUP: 251
19 -1 19 -1 19 -1 21 -1 19 -1 21 -1 19 -1 21 -1 19 -1 #SUP: 245
19 -1 19 -1 19 -1 21 -1 19 -1 21 -1 21 -1 #SUP: 246
19 -1 19 -1 21 -1 19 -1 #SUP: 269
19 -1 19 -1 21 -1 19 -1 22 -1 #SUP: 264
22 -1 21 -1 19 -1 21 -1 19 -1 #SUP: 264
19 -1 19 -1 21 -1 22 -1 22 -1 #SUP: 251
19 -1 19 -1 21 -1 22 -1 22 -1 19 -1 #SUP: 242
19 -1 19 -1 21 -1 19 -1 22 -1 19 -1 #SUP: 258
19 -1 19 -1 21 -1 19 -1 22 -1 21 -1 19 -1 #SUP: 249
19 -1 19 -1 21 -1 3 -1 #SUP: 255
19 -1 19 -1 21 -1 3 -1 22 -1 #SUP: 254
19 -1 19 -1 21 -1 3 -1 22 -1 19 -1 #SUP: 245
19 -1 19 -1 21 -1 19 -1 19 -1 3 -1 #SUP: 247
19 -1 21 -1 19 -1 19 -1 21 -1 19 -1 19 -1 19 -1 19 -1 #SUP: 251
19 -1 19 -1 21 -1 3 -1 19 -1 #SUP: 246
19 -1 19 -1 21 -1 19 -1 3 -1 #SUP: 254
19 -1 19 -1 21 -1 19 -1 3 -1 22 -1 #SUP: 252
19 -1 19 -1 21 -1 19 -1 19 -1 #SUP: 268
19 -1 19 -1 21 -1 19 -1 19 -1 22 -1 #SUP: 257
19 -1 19 -1 21 -1 19 -1 19 -1 3 -1 22 -1 #SUP: 244
19 -1 19 -1 21 -1 19 -1 19 -1 19 -1 #SUP: 262
19 -1 19 -1 21 -1 19 -1 19 -1 19 -1 22 -1 #SUP: 254
19 -1 19 -1 21 -1 19 -1 19 -1 19 -1 3 -1 #SUP: 244
19 -1 21 -1 19 -1 21 -1 19 -1 21 -1 3 -1 #SUP: 245
22 -1 19 -1 19 -1 19 -1 3 -1 #SUP: 246
19 -1 19 -1 21 -1 19 -1 19 -1 19 -1 19 -1 #SUP: 260
22 -1 21 -1 19 -1 21 -1 19 -1 19 -1 #SUP: 261
19 -1 19 -1 21 -1 19 -1 19 -1 19 -1 19 -1 22 -1 #SUP: 250
19 -1 19 -1 21 -1 19 -1 19 -1 19 -1 19 -1 3 -1 #SUP: 242
19 -1 19 -1 21 -1 19 -1 19 -1 19 -1 19 -1 19 -1 #SUP: 257
19 -1 21 -1 19 -1 21 -1 19 -1 22 -1 #SUP: 256
19 -1 19 -1 21 -1 19 -1 19 -1 19 -1 19 -1 19 -1 22 -1 #SUP: 246
19 -1 21 -1 19 -1 21 -1 19 -1 21 -1 19 -1 22 -1 #SUP: 247
19 -1 21 -1 21 -1 19 -1 21 -1 19 -1 19 -1 22 -1 #SUP: 247
19 -1 19 -1 21 -1 19 -1 19 -1 19 -1 19 -1 19 -1 19 -1 19 -1 #SUP: 246
19 -1 19 -1 21 -1 19 -1 19 -1 19 -1 19 -1 19 -1 19 -1 19 -1 19 -1 #SUP: 242
22 -1 21 -1 19 -1 21 -1 19 -1 21 -1 19 -1 22 -1 #SUP: 242
19 -1 19 -1 21 -1 19 -1 19 -1 19 -1 19 -1 21 -1 19 -1 #SUP: 248
19 -1 19 -1 21 -1 19 -1 19 -1 19 -1 19 -1 21 -1 19 -1 19 -1 #SUP: 245
19 -1 19 -1 21 -1 19 -1 19 -1 19 -1 21 -1 19 -1 #SUP: 250
19 -1 19 -1 21 -1 19 -1 19 -1 19 -1 21 -1 19 -1 19 -1 #SUP: 248
19 -1 19 -1 21 -1 19 -1 19 -1 19 -1 21 -1 19 -1 19 -1 19 -1 #SUP: 243
19 -1 19 -1 21 -1 19 -1 19 -1 21 -1 19 -1 #SUP: 257
19 -1 19 -1 21 -1 19 -1 19 -1 21 -1 22 -1 #SUP: 246
19 -1 19 -1 21 -1 19 -1 19 -1 21 -1 19 -1 22 -1 #SUP: 245
19 -1 19 -1 21 -1 19 -1 19 -1 21 -1 19 -1 19 -1 #SUP: 255
19 -1 19 -1 21 -1 19 -1 19 -1 21 -1 19 -1 19 -1 22 -1 #SUP: 243
22 -1 19 -1 21 -1 19 -1 21 -1 19 -1 21 -1 19 -1 19 -1 #SUP: 243
22 -1 19 -1 21 -1 21 -1 19 -1 21 -1 19 -1 19 -1 19 -1 #SUP: 243
22 -1 21 -1 19 -1 19 -1 21 -1 19 -1 21 -1 19 -1 19 -1 #SUP: 243
19 -1 19 -1 21 -1 19 -1 19 -1 21 -1 19 -1 19 -1 19 -1 19 -1 #SUP: 246
19 -1 19 -1 21 -1 19 -1 19 -1 21 -1 19 -1 21 -1 19 -1 #SUP: 247
19 -1 19 -1 21 -1 19 -1 19 -1 21 -1 19 -1 21 -1 19 -1 19 -1 #SUP: 244
19 -1 19 -1 21 -1 19 -1 21 -1 #SUP: 265
19 -1 19 -1 21 -1 19 -1 21 -1 22 -1 #SUP: 252
19 -1 19 -1 21 -1 19 -1 21 -1 3 -1 #SUP: 246
19 -1 19 -1 21 -1 21 -1 19 -1 3 -1 #SUP: 245
19 -1 19 -1 21 -1 19 -1 21 -1 3 -1 22 -1 #SUP: 243
19 -1 19 -1 21 -1 21 -1 19 -1 3 -1 22 -1 #SUP: 242
19 -1 19 -1 21 -1 19 -1 21 -1 19 -1 #SUP: 264
19 -1 19 -1 21 -1 19 -1 21 -1 19 -1 22 -1 #SUP: 250
19 -1 21 -1 19 -1 19 -1 19 -1 19 -1 19 -1 19 -1 19 -1 #SUP: 252
19 -1 19 -1 21 -1 19 -1 21 -1 19 -1 3 -1 #SUP: 244
19 -1 19 -1 21 -1 19 -1 21 -1 19 -1 19 -1 #SUP: 259
19 -1 19 -1 21 -1 19 -1 21 -1 19 -1 19 -1 22 -1 #SUP: 249
19 -1 21 -1 19 -1 3 -1 22 -1 19 -1 #SUP: 243
19 -1 19 -1 21 -1 19 -1 21 -1 19 -1 19 -1 3 -1 #SUP: 242
19 -1 19 -1 21 -1 19 -1 21 -1 19 -1 19 -1 19 -1 #SUP: 257
19 -1 19 -1 21 -1 19 -1 21 -1 19 -1 19 -1 19 -1 22 -1 #SUP: 246
19 -1 19 -1 21 -1 19 -1 21 -1 19 -1 19 -1 19 -1 19 -1 #SUP: 253
19 -1 19 -1 21 -1 19 -1 21 -1 19 -1 19 -1 19 -1 19 -1 19 -1 #SUP: 247
21 -1 19 -1 19 -1 19 -1 19 -1 19 -1 19 -1 21 -1 19 -1 #SUP: 243
19 -1 19 -1 21 -1 19 -1 21 -1 19 -1 19 -1 19 -1 19 -1 19 -1 19 -1 #SUP: 242
19 -1 19 -1 21 -1 19 -1 21 -1 19 -1 19 -1 21 -1 19 -1 #SUP: 248
21 -1 19 -1 19 -1 21 -1 3 -1 22 -1 #SUP: 246
19 -1 19 -1 21 -1 19 -1 21 -1 19 -1 19 -1 21 -1 19 -1 19 -1 #SUP: 243
19 -1 19 -1 21 -1 19 -1 21 -1 19 -1 21 -1 19 -1 #SUP: 255
19 -1 19 -1 21 -1 19 -1 21 -1 19 -1 21 -1 22 -1 #SUP: 245
19 -1 19 -1 21 -1 19 -1 21 -1 19 -1 21 -1 19 -1 22 -1 #SUP: 243
21 -1 19 -1 19 -1 19 -1 19 -1 19 -1 21 -1 19 -1 19 -1 #SUP: 242
19 -1 19 -1 21 -1 19 -1 21 -1 19 -1 21 -1 19 -1 19 -1 #SUP: 253
19 -1 19 -1 21 -1 19 -1 21 -1 19 -1 21 -1 19 -1 19 -1 19 -1 #SUP: 248
19 -1 19 -1 21 -1 21 -1 3 -1 22 -1 #SUP: 244
19 -1 19 -1 21 -1 19 -1 21 -1 19 -1 21 -1 19 -1 19 -1 19 -1 19 -1 #SUP: 243
19 -1 19 -1 21 -1 19 -1 21 -1 19 -1 21 -1 19 -1 21 -1 19 -1 #SUP: 243
19 -1 19 -1 21 -1 19 -1 21 -1 21 -1 #SUP: 256
19 -1 19 -1 21 -1 19 -1 21 -1 21 -1 22 -1 #SUP: 246
19 -1 19 -1 21 -1 21 -1 22 -1 #SUP: 254
19 -1 19 -1 21 -1 21 -1 22 -1 19 -1 #SUP: 245
19 -1 19 -1 21 -1 21 -1 3 -1 #SUP: 247
19 -1 19 -1 21 -1 21 -1 19 -1 22 -1 #SUP: 252
19 -1 19 -1 21 -1 21 -1 19 -1 22 -1 19 -1 #SUP: 244
19 -1 19 -1 21 -1 21 -1 19 -1 19 -1 #SUP: 260
19 -1 19 -1 21 -1 21 -1 19 -1 19 -1 22 -1 #SUP: 250
19 -1 19 -1 21 -1 21 -1 19 -1 19 -1 19 -1 22 -1 #SUP: 247
19 -1 19 -1 21 -1 21 -1 19 -1 19 -1 19 -1 19 -1 #SUP: 254
22 -1 19 -1 21 -1 19 -1 22 -1 19 -1 #SUP: 250
19 -1 19 -1 21 -1 21 -1 19 -1 19 -1 19 -1 19 -1 19 -1 #SUP: 248
19 -1 19 -1 21 -1 21 -1 19 -1 19 -1 19 -1 19 -1 19 -1 19 -1 #SUP: 243
19 -1 19 -1 21 -1 21 -1 19 -1 19 -1 21 -1 19 -1 19 -1 #SUP: 244
22 -1 21 -1 19 -1 21 -1 3 -1 22 -1 #SUP: 242
19 -1 19 -1 21 -1 21 -1 19 -1 21 -1 19 -1 #SUP: 256
19 -1 19 -1 21 -1 21 -1 19 -1 21 -1 19 -1 19 -1 19 -1 19 -1 #SUP: 244
19 -1 19 -1 21 -1 21 -1 19 -1 21 -1 19 -1 21 -1 19 -1 #SUP: 244
19 -1 19 -1 21 -1 21 -1 21 -1 #SUP: 257
19 -1 21 -1 19 -1 19 -1 #SUP: 270
19 -1 21 -1 19 -1 22 -1 #SUP: 268
19 -1 21 -1 22 -1 22 -1 #SUP: 255
19 -1 21 -1 22 -1 22 -1 19 -1 #SUP: 248
19 -1 21 -1 19 -1 22 -1 19 -1 #SUP: 261
19 -1 21 -1 22 -1 19 -1 19 -1 #SUP: 244
22 -1 19 -1 19 -1 21 -1 22 -1 #SUP: 248
19 -1 21 -1 19 -1 22 -1 21 -1 19 -1 #SUP: 253
19 -1 21 -1 3 -1 22 -1 #SUP: 257
19 -1 21 -1 19 -1 3 -1 #SUP: 257
19 -1 21 -1 3 -1 22 -1 22 -1 #SUP: 245
19 -1 21 -1 19 -1 19 -1 21 -1 19 -1 22 -1 #SUP: 250
19 -1 21 -1 3 -1 22 -1 19 -1 #SUP: 248
19 -1 21 -1 19 -1 22 -1 22 -1 #SUP: 252
22 -1 22 -1 19 -1 22 -1 19 -1 #SUP: 251
19 -1 21 -1 19 -1 22 -1 19 -1 19 -1 #SUP: 243
19 -1 21 -1 19 -1 3 -1 22 -1 #SUP: 256
19 -1 21 -1 19 -1 3 -1 19 -1 #SUP: 245
19 -1 21 -1 19 -1 19 -1 22 -1 #SUP: 262
19 -1 21 -1 19 -1 19 -1 22 -1 22 -1 #SUP: 245
19 -1 21 -1 19 -1 19 -1 3 -1 #SUP: 253
19 -1 21 -1 19 -1 19 -1 22 -1 19 -1 #SUP: 247
19 -1 21 -1 19 -1 19 -1 22 -1 21 -1 #SUP: 242
19 -1 21 -1 19 -1 19 -1 3 -1 22 -1 #SUP: 250
19 -1 21 -1 19 -1 19 -1 19 -1 #SUP: 267
19 -1 21 -1 19 -1 19 -1 19 -1 22 -1 #SUP: 258
19 -1 21 -1 19 -1 19 -1 19 -1 22 -1 22 -1 #SUP: 242
19 -1 21 -1 19 -1 19 -1 19 -1 22 -1 19 -1 #SUP: 244
19 -1 21 -1 19 -1 19 -1 19 -1 3 -1 22 -1 #SUP: 245
19 -1 21 -1 19 -1 19 -1 19 -1 19 -1 #SUP: 263
19 -1 21 -1 19 -1 19 -1 19 -1 19 -1 22 -1 #SUP: 255
19 -1 21 -1 19 -1 19 -1 19 -1 19 -1 3 -1 #SUP: 246
19 -1 21 -1 19 -1 19 -1 19 -1 19 -1 3 -1 22 -1 #SUP: 243
21 -1 21 -1 19 -1 21 -1 19 -1 19 -1 19 -1 22 -1 #SUP: 245
19 -1 21 -1 19 -1 19 -1 19 -1 19 -1 19 -1 #SUP: 262
19 -1 21 -1 19 -1 19 -1 19 -1 19 -1 19 -1 22 -1 #SUP: 248
19 -1 21 -1 19 -1 19 -1 19 -1 19 -1 19 -1 19 -1 #SUP: 257
19 -1 21 -1 19 -1 19 -1 19 -1 19 -1 19 -1 19 -1 22 -1 #SUP: 244
19 -1 21 -1 19 -1 19 -1 19 -1 19 -1 19 -1 19 -1 19 -1 19 -1 #SUP: 245
19 -1 21 -1 19 -1 19 -1 19 -1 19 -1 19 -1 21 -1 19 -1 #SUP: 243
19 -1 21 -1 19 -1 19 -1 19 -1 19 -1 21 -1 19 -1 #SUP: 253
19 -1 21 -1 19 -1 19 -1 19 -1 19 -1 21 -1 19 -1 19 -1 #SUP: 250
19 -1 21 -1 19 -1 19 -1 19 -1 19 -1 21 -1 19 -1 19 -1 19 -1 #SUP: 243
19 -1 21 -1 19 -1 19 -1 19 -1 21 -1 #SUP: 257
19 -1 21 -1 19 -1 19 -1 19 -1 21 -1 22 -1 #SUP: 245
19 -1 21 -1 19 -1 19 -1 19 -1 21 -1 19 -1 #SUP: 256
19 -1 21 -1 19 -1 19 -1 19 -1 21 -1 19 -1 22 -1 #SUP: 243
19 -1 21 -1 19 -1 19 -1 19 -1 21 -1 19 -1 19 -1 19 -1 #SUP: 248
19 -1 21 -1 19 -1 19 -1 19 -1 21 -1 19 -1 21 -1 19 -1 #SUP: 244
21 -1 21 -1 19 -1 21 -1 19 -1 19 -1 21 -1 19 -1 19 -1 #SUP: 244
22 -1 19 -1 19 -1 19 -1 21 -1 19 -1 19 -1 19 -1 #SUP: 245
22 -1 19 -1 19 -1 21 -1 19 -1 21 -1 19 -1 19 -1 #SUP: 245
19 -1 21 -1 19 -1 19 -1 19 -1 21 -1 19 -1 21 -1 19 -1 19 -1 #SUP: 242
19 -1 21 -1 19 -1 19 -1 19 -1 21 -1 21 -1 #SUP: 245
19 -1 21 -1 19 -1 19 -1 21 -1 19 -1 #SUP: 263
19 -1 21 -1 19 -1 19 -1 21 -1 22 -1 #SUP: 252
19 -1 21 -1 19 -1 19 -1 21 -1 3 -1 #SUP: 248
19 -1 21 -1 19 -1 19 -1 21 -1 3 -1 22 -1 #SUP: 245
22 -1 21 -1 22 -1 19 -1 19 -1 19 -1 #SUP: 244
19 -1 21 -1 19 -1 19 -1 21 -1 19 -1 3 -1 #SUP: 244
19 -1 21 -1 19 -1 19 -1 21 -1 19 -1 19 -1 #SUP: 259
19 -1 21 -1 19 -1 19 -1 21 -1 19 -1 19 -1 22 -1 #SUP: 249
21 -1 19 -1 19 -1 21 -1 3 -1 #SUP: 249
19 -1 21 -1 19 -1 19 -1 21 -1 19 -1 19 -1 19 -1 #SUP: 256
19 -1 21 -1 19 -1 19 -1 21 -1 19 -1 19 -1 19 -1 22 -1 #SUP: 242
19 -1 21 -1 19 -1 19 -1 21 -1 19 -1 19 -1 19 -1 19 -1 19 -1 #SUP: 246
19 -1 21 -1 19 -1 19 -1 21 -1 19 -1 19 -1 21 -1 19 -1 #SUP: 246
19 -1 21 -1 19 -1 19 -1 21 -1 19 -1 19 -1 21 -1 19 -1 19 -1 #SUP: 242
19 -1 21 -1 19 -1 19 -1 21 -1 19 -1 21 -1 #SUP: 254
19 -1 21 -1 19 -1 19 -1 21 -1 19 -1 21 -1 22 -1 #SUP: 243
19 -1 21 -1 19 -1 19 -1 21 -1 19 -1 21 -1 19 -1 19 -1 #SUP: 250
19 -1 21 -1 19 -1 19 -1 21 -1 19 -1 21 -1 19 -1 19 -1 19 -1 #SUP: 245
19 -1 21 -1 19 -1 21 -1 19 -1 #SUP: 267
19 -1 21 -1 19 -1 21 -1 19 -1 22 -1 22 -1 #SUP: 242
22 -1 22 -1 19 -1 21 -1 19 -1 21 -1 19 -1 #SUP: 245
19 -1 21 -1 19 -1 21 -1 19 -1 22 -1 19 -1 #SUP: 242
19 -1 21 -1 19 -1 21 -1 3 -1 #SUP: 251
19 -1 21 -1 19 -1 21 -1 3 -1 22 -1 #SUP: 248
19 -1 21 -1 19 -1 21 -1 19 -1 3 -1 22 -1 #SUP: 247
19 -1 21 -1 19 -1 21 -1 19 -1 19 -1 #SUP: 264
19 -1 21 -1 19 -1 21 -1 19 -1 19 -1 22 -1 #SUP: 252
19 -1 21 -1 19 -1 21 -1 19 -1 19 -1 3 -1 #SUP: 244
19 -1 21 -1 19 -1 21 -1 19 -1 19 -1 19 -1 #SUP: 260
19 -1 21 -1 19 -1 21 -1 19 -1 19 -1 19 -1 22 -1 #SUP: 251
19 -1 21 -1 19 -1 21 -1 19 -1 19 -1 19 -1 3 -1 #SUP: 243
19 -1 21 -1 19 -1 21 -1 19 -1 19 -1 19 -1 19 -1 #SUP: 258
19 -1 21 -1 19 -1 21 -1 19 -1 19 -1 19 -1 19 -1 22 -1 #SUP: 245
19 -1 21 -1 19 -1 21 -1 19 -1 19 -1 19 -1 19 -1 19 -1 #SUP: 252
22 -1 19 -1 21 -1 19 -1 19 -1 19 -1 22 -1 #SUP: 251
19 -1 21 -1 19 -1 21 -1 19 -1 19 -1 19 -1 19 -1 19 -1 19 -1 #SUP: 246
19 -1 21 -1 19 -1 21 -1 19 -1 19 -1 19 -1 21 -1 19 -1 19 -1 #SUP: 245
19 -1 21 -1 19 -1 21 -1 19 -1 19 -1 21 -1 22 -1 #SUP: 243
22 -1 19 -1 19 -1 21 -1 19 -1 22 -1 #SUP: 247
19 -1 21 -1 19 -1 21 -1 19 -1 19 -1 21 -1 19 -1 22 -1 #SUP: 242
19 -1 21 -1 19 -1 21 -1 19 -1 19 -1 21 -1 19 -1 19 -1 #SUP: 250
19 -1 21 -1 19 -1 21 -1 19 -1 19 -1 21 -1 19 -1 19 -1 19 -1 #SUP: 246
19 -1 21 -1 19 -1 21 -1 19 -1 21 -1 #SUP: 261
19 -1 21 -1 19 -1 21 -1 19 -1 21 -1 22 -1 #SUP: 250
21 -1 19 -1 21 -1 19 -1 21 -1 19 -1 22 -1 #SUP: 250
19 -1 21 -1 19 -1 21 -1 19 -1 21 -1 3 -1 22 -1 #SUP: 242
22 -1 19 -1 19 -1 19 -1 3 -1 22 -1 #SUP: 243
19 -1 21 -1 19 -1 21 -1 19 -1 21 -1 19 -1 #SUP: 260
19 -1 21 -1 19 -1 21 -1 19 -1 21 -1 19 -1 19 -1 #SUP: 256
19 -1 21 -1 19 -1 21 -1 19 -1 21 -1 19 -1 19 -1 22 -1 #SUP: 246
19 -1 21 -1 19 -1 21 -1 19 -1 21 -1 19 -1 19 -1 19 -1 #SUP: 253
22 -1 21 -1 19 -1 3 -1 22 -1 #SUP: 252
19 -1 21 -1 19 -1 21 -1 19 -1 21 -1 19 -1 19 -1 19 -1 19 -1 #SUP: 248
19 -1 21 -1 19 -1 21 -1 19 -1 21 -1 19 -1 19 -1 21 -1 19 -1 #SUP: 242
19 -1 21 -1 19 -1 21 -1 19 -1 21 -1 19 -1 21 -1 19 -1 #SUP: 249
19 -1 21 -1 19 -1 21 -1 19 -1 21 -1 19 -1 21 -1 19 -1 19 -1 #SUP: 245
19 -1 21 -1 19 -1 21 -1 19 -1 21 -1 21 -1 #SUP: 250
19 -1 21 -1 21 -1 19 -1 22 -1 #SUP: 259
19 -1 21 -1 21 -1 19 -1 22 -1 22 -1 #SUP: 244
19 -1 21 -1 21 -1 19 -1 22 -1 19 -1 #SUP: 250
19 -1 21 -1 21 -1 3 -1 #SUP: 252
19 -1 21 -1 21 -1 3 -1 22 -1 #SUP: 250
19 -1 21 -1 21 -1 19 -1 3 -1 #SUP: 251
19 -1 21 -1 21 -1 19 -1 3 -1 22 -1 #SUP: 249
19 -1 21 -1 21 -1 19 -1 19 -1 #SUP: 265
19 -1 21 -1 21 -1 19 -1 19 -1 22 -1 #SUP: 253
19 -1 21 -1 21 -1 19 -1 19 -1 19 -1 22 -1 #SUP: 252
19 -1 21 -1 21 -1 19 -1 19 -1 19 -1 19 -1 #SUP: 259
19 -1 21 -1 21 -1 19 -1 19 -1 19 -1 19 -1 19 -1 22 -1 #SUP: 242
19 -1 21 -1 21 -1 19 -1 19 -1 19 -1 19 -1 19 -1 19 -1 #SUP: 247
19 -1 21 -1 21 -1 19 -1 19 -1 19 -1 21 -1 19 -1 19 -1 #SUP: 246
19 -1 21 -1 21 -1 19 -1 19 -1 21 -1 19 -1 #SUP: 255
19 -1 21 -1 21 -1 19 -1 19 -1 21 -1 22 -1 #SUP: 244
19 -1 21 -1 21 -1 19 -1 19 -1 21 -1 19 -1 22 -1 #SUP: 243
19 -1 21 -1 21 -1 19 -1 19 -1 21 -1 19 -1 19 -1 #SUP: 251
19 -1 21 -1 21 -1 19 -1 21 -1 #SUP: 262
19 -1 21 -1 21 -1 19 -1 21 -1 19 -1 #SUP: 261
19 -1 21 -1 21 -1 19 -1 21 -1 19 -1 19 -1 19 -1 #SUP: 255
19 -1 21 -1 21 -1 19 -1 21 -1 19 -1 19 -1 19 -1 19 -1 #SUP: 249
19 -1 21 -1 21 -1 19 -1 21 -1 19 -1 19 -1 21 -1 19 -1 #SUP: 243
21 -1 19 -1 19 -1 21 -1 19 -1 19 -1 19 -1 21 -1 19 -1 #SUP: 242
21 -1 21 -1 19 -1 21 -1 19 -1 19 -1 19 -1 21 -1 19 -1 #SUP: 242
19 -1 21 -1 21 -1 19 -1 21 -1 19 -1 21 -1 19 -1 #SUP: 250
19 -1 21 -1 21 -1 19 -1 21 -1 19 -1 21 -1 19 -1 19 -1 #SUP: 247
19 -1 21 -1 21 -1 19 -1 21 -1 21 -1 #SUP: 251
21 -1 22 -1 22 -1 #SUP: 257
21 -1 22 -1 22 -1 21 -1 19 -1 #SUP: 246
21 -1 19 -1 21 -1 19 -1 21 -1 19 -1 19 -1 19 -1 19 -1 #SUP: 251
21 -1 22 -1 3 -1 #SUP: 243
22 -1 21 -1 21 -1 3 -1 #SUP: 246
21 -1 19 -1 22 -1 19 -1 #SUP: 264
21 -1 22 -1 19 -1 22 -1 #SUP: 247
21 -1 22 -1 19 -1 19 -1 #SUP: 254
21 -1 19 -1 22 -1 19 -1 19 -1 19 -1 #SUP: 249
21 -1 19 -1 22 -1 21 -1 19 -1 #SUP: 258
21 -1 22 -1 21 -1 22 -1 #SUP: 245
21 -1 22 -1 21 -1 19 -1 22 -1 #SUP: 243
21 -1 22 -1 21 -1 19 -1 19 -1 #SUP: 250
21 -1 19 -1 22 -1 21 -1 19 -1 19 -1 19 -1 #SUP: 243
21 -1 3 -1 22 -1 #SUP: 259
21 -1 19 -1 3 -1 #SUP: 259
21 -1 3 -1 22 -1 22 -1 #SUP: 248
21 -1 3 -1 22 -1 19 -1 #SUP: 251
21 -1 3 -1 22 -1 21 -1 19 -1 #SUP: 245
21 -1 19 -1 22 -1 22 -1 #SUP: 254
21 -1 19 -1 22 -1 22 -1 19 -1 #SUP: 242
21 -1 19 -1 22 -1 3 -1 #SUP: 242
22 -1 21 -1 19 -1 21 -1 3 -1 #SUP: 245
21 -1 19 -1 22 -1 19 -1 22 -1 #SUP: 244
22 -1 22 -1 19 -1 21 -1 19 -1 19 -1 19 -1 19 -1 #SUP: 243
22 -1 21 -1 19 -1 19 -1 19 -1 19 -1 22 -1 #SUP: 249
21 -1 19 -1 22 -1 19 -1 19 -1 #SUP: 253
21 -1 19 -1 22 -1 21 -1 22 -1 #SUP: 242
21 -1 19 -1 22 -1 21 -1 19 -1 19 -1 #SUP: 249
21 -1 19 -1 3 -1 22 -1 #SUP: 258
21 -1 19 -1 3 -1 22 -1 22 -1 #SUP: 243
21 -1 19 -1 3 -1 22 -1 19 -1 #SUP: 246
21 -1 19 -1 3 -1 19 -1 #SUP: 248
21 -1 19 -1 19 -1 22 -1 #SUP: 263
21 -1 19 -1 19 -1 22 -1 22 -1 #SUP: 246
21 -1 19 -1 19 -1 22 -1 19 -1 #SUP: 248
21 -1 19 -1 19 -1 22 -1 21 -1 #SUP: 244
21 -1 19 -1 19 -1 3 -1 #SUP: 256
21 -1 19 -1 19 -1 3 -1 22 -1 #SUP: 253
21 -1 19 -1 19 -1 19 -1 #SUP: 268
21 -1 19 -1 19 -1 19 -1 22 -1 #SUP: 260
21 -1 19 -1 19 -1 19 -1 22 -1 22 -1 #SUP: 244
21 -1 19 -1 19 -1 19 -1 22 -1 19 -1 #SUP: 246
21 -1 19 -1 19 -1 19 -1 22 -1 21 -1 #SUP: 242
21 -1 19 -1 19 -1 19 -1 3 -1 #SUP: 251
21 -1 19 -1 19 -1 19 -1 3 -1 22 -1 #SUP: 248
21 -1 19 -1 19 -1 19 -1 19 -1 #SUP: 266
21 -1 19 -1 19 -1 19 -1 19 -1 22 -1 #SUP: 256
21 -1 19 -1 19 -1 19 -1 19 -1 3 -1 #SUP: 247
21 -1 19 -1 19 -1 19 -1 19 -1 3 -1 22 -1 #SUP: 244
21 -1 19 -1 19 -1 19 -1 19 -1 19 -1 22 -1 #SUP: 251
21 -1 19 -1 19 -1 19 -1 19 -1 19 -1 19 -1 #SUP: 259
21 -1 19 -1 19 -1 19 -1 19 -1 19 -1 19 -1 22 -1 #SUP: 245
21 -1 19 -1 19 -1 19 -1 19 -1 19 -1 19 -1 19 -1 #SUP: 254
21 -1 19 -1 19 -1 19 -1 19 -1 19 -1 19 -1 19 -1 22 -1 #SUP: 242
21 -1 19 -1 19 -1 19 -1 19 -1 19 -1 19 -1 19 -1 19 -1 #SUP: 248
21 -1 19 -1 19 -1 19 -1 19 -1 19 -1 21 -1 19 -1 #SUP: 245
21 -1 21 -1 19 -1 19 -1 19 -1 19 -1 21 -1 19 -1 #SUP: 245
21 -1 19 -1 19 -1 19 -1 19 -1 21 -1 #SUP: 256
21 -1 19 -1 19 -1 19 -1 19 -1 21 -1 22 -1 #SUP: 243
21 -1 19 -1 19 -1 19 -1 19 -1 21 -1 19 -1 #SUP: 255
21 -1 19 -1 19 -1 19 -1 19 -1 21 -1 19 -1 22 -1 #SUP: 242
21 -1 19 -1 19 -1 19 -1 19 -1 21 -1 19 -1 19 -1 #SUP: 253
21 -1 19 -1 19 -1 19 -1 19 -1 21 -1 19 -1 19 -1 19 -1 #SUP: 247
21 -1 19 -1 19 -1 19 -1 19 -1 21 -1 21 -1 #SUP: 242
21 -1 19 -1 19 -1 19 -1 21 -1 19 -1 #SUP: 259
21 -1 19 -1 19 -1 21 -1 19 -1 21 -1 22 -1 #SUP: 247
21 -1 19 -1 19 -1 19 -1 21 -1 3 -1 #SUP: 243
21 -1 19 -1 19 -1 19 -1 21 -1 19 -1 22 -1 #SUP: 246
22 -1 22 -1 19 -1 21 -1 19 -1 22 -1 #SUP: 242
22 -1 21 -1 19 -1 19 -1 21 -1 19 -1 19 -1 19 -1 #SUP: 247
21 -1 19 -1 19 -1 19 -1 21 -1 19 -1 3 -1 #SUP: 242
22 -1 21 -1 19 -1 19 -1 19 -1 19 -1 19 -1 19 -1 19 -1 19 -1 #SUP: 242
21 -1 19 -1 19 -1 19 -1 21 -1 19 -1 19 -1 #SUP: 254
21 -1 19 -1 19 -1 19 -1 21 -1 19 -1 19 -1 22 -1 #SUP: 243
21 -1 19 -1 19 -1 21 -1 19 -1 21 -1 19 -1 19 -1 19 -1 #SUP: 250
21 -1 19 -1 19 -1 19 -1 21 -1 19 -1 19 -1 19 -1 19 -1 #SUP: 248
21 -1 19 -1 19 -1 19 -1 21 -1 19 -1 19 -1 19 -1 19 -1 19 -1 #SUP: 243
21 -1 19 -1 19 -1 19 -1 21 -1 19 -1 21 -1 #SUP: 249
21 -1 19 -1 19 -1 19 -1 21 -1 19 -1 21 -1 19 -1 #SUP: 248
21 -1 19 -1 19 -1 19 -1 21 -1 19 -1 21 -1 19 -1 19 -1 #SUP: 246
21 -1 19 -1 19 -1 19 -1 21 -1 19 -1 21 -1 19 -1 19 -1 19 -1 #SUP: 243
21 -1 19 -1 21 -1 19 -1 19 -1 19 -1 21 -1 22 -1 #SUP: 242
21 -1 19 -1 19 -1 21 -1 19 -1 #SUP: 264
21 -1 19 -1 19 -1 21 -1 19 -1 22 -1 #SUP: 253
21 -1 19 -1 19 -1 21 -1 19 -1 3 -1 22 -1 #SUP: 244
21 -1 19 -1 19 -1 21 -1 19 -1 19 -1 #SUP: 262
21 -1 19 -1 19 -1 21 -1 19 -1 19 -1 22 -1 #SUP: 250
21 -1 19 -1 19 -1 21 -1 19 -1 19 -1 3 -1 #SUP: 242
21 -1 19 -1 19 -1 21 -1 19 -1 19 -1 19 -1 #SUP: 257
22 -1 22 -1 22 -1 19 -1 #SUP: 255
21 -1 19 -1 19 -1 21 -1 19 -1 19 -1 19 -1 22 -1 #SUP: 244
21 -1 19 -1 19 -1 21 -1 19 -1 19 -1 19 -1 19 -1 #SUP: 254
21 -1 19 -1 19 -1 21 -1 19 -1 19 -1 19 -1 19 -1 19 -1 #SUP: 248
21 -1 19 -1 19 -1 21 -1 19 -1 19 -1 21 -1 19 -1 #SUP: 249
21 -1 19 -1 19 -1 21 -1 19 -1 21 -1 #SUP: 258
21 -1 19 -1 19 -1 21 -1 19 -1 21 -1 19 -1 #SUP: 257
21 -1 21 -1 19 -1 19 -1 21 -1 19 -1 #SUP: 258
21 -1 19 -1 19 -1 21 -1 19 -1 21 -1 19 -1 22 -1 #SUP: 245
21 -1 19 -1 19 -1 21 -1 19 -1 21 -1 19 -1 19 -1 #SUP: 252
21 -1 19 -1 19 -1 21 -1 19 -1 21 -1 19 -1 19 -1 19 -1 19 -1 #SUP: 246
21 -1 19 -1 19 -1 21 -1 19 -1 21 -1 19 -1 21 -1 19 -1 #SUP: 243
21 -1 19 -1 19 -1 21 -1 19 -1 21 -1 21 -1 #SUP: 244
21 -1 19 -1 21 -1 19 -1 #SUP: 268
21 -1 21 -1 19 -1 19 -1 #SUP: 268
21 -1 19 -1 21 -1 19 -1 22 -1 #SUP: 259
21 -1 19 -1 21 -1 19 -1 19 -1 22 -1 22 -1 #SUP: 243
22 -1 22 -1 21 -1 19 -1 19 -1 21 -1 19 -1 #SUP: 246
21 -1 19 -1 21 -1 19 -1 22 -1 19 -1 #SUP: 245
21 -1 19 -1 21 -1 3 -1 #SUP: 253
21 -1 19 -1 21 -1 3 -1 22 -1 #SUP: 250
21 -1 19 -1 21 -1 19 -1 3 -1 #SUP: 252
22 -1 21 -1 19 -1 21 -1 19 -1 19 -1 19 -1 19 -1 #SUP: 253
21 -1 19 -1 21 -1 19 -1 3 -1 22 -1 #SUP: 249
21 -1 19 -1 21 -1 19 -1 19 -1 #SUP: 267
21 -1 19 -1 21 -1 19 -1 19 -1 22 -1 #SUP: 256
21 -1 21 -1 19 -1 19 -1 19 -1 19 -1 19 -1 #SUP: 257
21 -1 19 -1 21 -1 19 -1 19 -1 3 -1 #SUP: 247
22 -1 22 -1 22 -1 21 -1 19 -1 #SUP: 245
21 -1 19 -1 21 -1 19 -1 19 -1 3 -1 22 -1 #SUP: 244
22 -1 21 -1 19 -1 19 -1 19 -1 21 -1 19 -1 19 -1 #SUP: 246
21 -1 19 -1 21 -1 19 -1 19 -1 19 -1 #SUP: 264
21 -1 19 -1 21 -1 19 -1 19 -1 19 -1 22 -1 #SUP: 254
21 -1 19 -1 21 -1 19 -1 19 -1 19 -1 3 -1 #SUP: 245
21 -1 19 -1 21 -1 19 -1 19 -1 19 -1 3 -1 22 -1 #SUP: 242
21 -1 19 -1 21 -1 19 -1 19 -1 19 -1 19 -1 #SUP: 260
21 -1 19 -1 21 -1 19 -1 19 -1 19 -1 19 -1 22 -1 #SUP: 249
21 -1 19 -1 21 -1 19 -1 19 -1 19 -1 19 -1 19 -1 #SUP: 256
21 -1 19 -1 21 -1 19 -1 19 -1 19 -1 19 -1 19 -1 22 -1 #SUP: 242
21 -1 19 -1 21 -1 19 -1 19 -1 19 -1 19 -1 19 -1 19 -1 #SUP: 249
22 -1 19 -1 22 -1 21 -1 19 -1 19 -1 #SUP: 247
21 -1 19 -1 21 -1 19 -1 19 -1 19 -1 19 -1 19 -1 19 -1 19 -1 #SUP: 242
21 -1 19 -1 21 -1 19 -1 19 -1 19 -1 21 -1 #SUP: 254
21 -1 21 -1 19 -1 19 -1 19 -1 21 -1 19 -1 #SUP: 254
21 -1 19 -1 21 -1 19 -1 19 -1 19 -1 21 -1 19 -1 #SUP: 253
21 -1 19 -1 21 -1 19 -1 19 -1 19 -1 21 -1 19 -1 19 -1 19 -1 #SUP: 243
21 -1 19 -1 21 -1 19 -1 19 -1 21 -1 19 -1 #SUP: 257
21 -1 19 -1 21 -1 19 -1 19 -1 21 -1 19 -1 19 -1 #SUP: 251
21 -1 19 -1 21 -1 19 -1 21 -1 19 -1 21 -1 19 -1 19 -1 19 -1 #SUP: 247
21 -1 19 -1 21 -1 19 -1 19 -1 21 -1 19 -1 19 -1 19 -1 19 -1 #SUP: 243
21 -1 19 -1 21 -1 19 -1 19 -1 21 -1 19 -1 21 -1 #SUP: 246
21 -1 19 -1 21 -1 19 -1 19 -1 21 -1 19 -1 21 -1 19 -1 #SUP: 245
21 -1 19 -1 21 -1 19 -1 19 -1 21 -1 19 -1 21 -1 19 -1 19 -1 #SUP: 242
21 -1 19 -1 21 -1 19 -1 21 -1 19 -1 #SUP: 263
22 -1 22 -1 21 -1 19 -1 19 -1 #SUP: 261
21 -1 19 -1 21 -1 19 -1 21 -1 19 -1 3 -1 #SUP: 244
21 -1 19 -1 21 -1 19 -1 21 -1 19 -1 19 -1 #SUP: 259
21 -1 19 -1 21 -1 19 -1 21 -1 19 -1 19 -1 22 -1 #SUP: 247
21 -1 19 -1 21 -1 19 -1 21 -1 19 -1 19 -1 19 -1 #SUP: 254
21 -1 19 -1 21 -1 19 -1 21 -1 19 -1 19 -1 19 -1 19 -1 19 -1 #SUP: 243
21 -1 19 -1 21 -1 19 -1 21 -1 19 -1 19 -1 21 -1 19 -1 19 -1 #SUP: 243
22 -1 19 -1 19 -1 21 -1 19 -1 21 -1 19 -1 19 -1 19 -1 #SUP: 244
21 -1 19 -1 21 -1 19 -1 21 -1 19 -1 21 -1 #SUP: 255
21 -1 19 -1 21 -1 19 -1 21 -1 19 -1 21 -1 19 -1 #SUP: 254
21 -1 19 -1 21 -1 19 -1 21 -1 19 -1 21 -1 19 -1 22 -1 #SUP: 242
21 -1 19 -1 21 -1 19 -1 21 -1 19 -1 21 -1 19 -1 19 -1 #SUP: 248
21 -1 19 -1 21 -1 19 -1 21 -1 21 -1 19 -1 19 -1 19 -1 19 -1 #SUP: 242
21 -1 21 -1 19 -1 22 -1 #SUP: 262
21 -1 21 -1 19 -1 22 -1 22 -1 #SUP: 245
21 -1 21 -1 19 -1 22 -1 19 -1 #SUP: 254
21 -1 21 -1 19 -1 22 -1 21 -1 19 -1 #SUP: 248
21 -1 21 -1 3 -1 #SUP: 254
21 -1 21 -1 3 -1 22 -1 #SUP: 252
21 -1 21 -1 19 -1 3 -1 #SUP: 253
21 -1 21 -1 19 -1 3 -1 22 -1 #SUP: 251
21 -1 21 -1 19 -1 19 -1 22 -1 #SUP: 257
21 -1 21 -1 19 -1 19 -1 19 -1 22 -1 #SUP: 255
21 -1 21 -1 19 -1 19 -1 19 -1 19 -1 #SUP: 262
21 -1 21 -1 19 -1 19 -1 19 -1 19 -1 22 -1 #SUP: 252
21 -1 21 -1 19 -1 19 -1 19 -1 19 -1 3 -1 #SUP: 243
21 -1 21 -1 19 -1 19 -1 19 -1 19 -1 19 -1 22 -1 #SUP: 243
21 -1 21 -1 19 -1 19 -1 19 -1 19 -1 19 -1 19 -1 #SUP: 250
21 -1 21 -1 19 -1 19 -1 19 -1 19 -1 19 -1 19 -1 19 -1 #SUP: 244
21 -1 21 -1 19 -1 19 -1 19 -1 19 -1 21 -1 #SUP: 246
21 -1 21 -1 19 -1 19 -1 19 -1 21 -1 19 -1 19 -1 #SUP: 250
21 -1 21 -1 19 -1 21 -1 19 -1 21 -1 22 -1 #SUP: 247
21 -1 21 -1 19 -1 19 -1 21 -1 3 -1 #SUP: 242
22 -1 19 -1 19 -1 21 -1 19 -1 19 -1 22 -1 #SUP: 245
21 -1 21 -1 19 -1 21 -1 19 -1 21 -1 19 -1 22 -1 #SUP: 245
21 -1 21 -1 19 -1 19 -1 21 -1 19 -1 19 -1 #SUP: 252
21 -1 21 -1 19 -1 19 -1 21 -1 19 -1 19 -1 22 -1 #SUP: 243
21 -1 21 -1 19 -1 19 -1 21 -1 19 -1 19 -1 19 -1 19 -1 #SUP: 244
21 -1 21 -1 19 -1 19 -1 21 -1 19 -1 21 -1 19 -1 19 -1 #SUP: 243
21 -1 21 -1 19 -1 21 -1 19 -1 #SUP: 264
21 -1 21 -1 19 -1 21 -1 19 -1 19 -1 #SUP: 260
21 -1 21 -1 19 -1 21 -1 19 -1 19 -1 22 -1 #SUP: 249
21 -1 21 -1 19 -1 21 -1 19 -1 19 -1 3 -1 #SUP: 242
21 -1 21 -1 19 -1 21 -1 19 -1 19 -1 19 -1 #SUP: 257
21 -1 21 -1 19 -1 21 -1 19 -1 19 -1 19 -1 19 -1 #SUP: 252
21 -1 21 -1 19 -1 21 -1 19 -1 19 -1 19 -1 21 -1 #SUP: 243
21 -1 21 -1 19 -1 21 -1 19 -1 19 -1 21 -1 19 -1 #SUP: 249
21 -1 21 -1 19 -1 21 -1 19 -1 21 -1 19 -1 #SUP: 256
21 -1 21 -1 19 -1 21 -1 19 -1 21 -1 19 -1 19 -1 #SUP: 250
22 -1 22 -1 #SUP: 269
22 -1 22 -1 22 -1 #SUP: 262
22 -1 22 -1 22 -1 22 -1 #SUP: 250
22 -1 22 -1 3 -1 #SUP: 252
22 -1 22 -1 3 -1 22 -1 #SUP: 250
22 -1 22 -1 19 -1 #SUP: 268
22 -1 22 -1 19 -1 22 -1 #SUP: 260
22 -1 22 -1 19 -1 22 -1 22 -1 #SUP: 244
22 -1 22 -1 19 -1 19 -1 #SUP: 264
22 -1 22 -1 19 -1 19 -1 22 -1 #SUP: 253
22 -1 22 -1 19 -1 19 -1 3 -1 #SUP: 242
22 -1 22 -1 19 -1 19 -1 19 -1 #SUP: 261
22 -1 22 -1 19 -1 19 -1 19 -1 22 -1 #SUP: 248
22 -1 22 -1 19 -1 19 -1 19 -1 19 -1 #SUP: 254
22 -1 22 -1 19 -1 19 -1 19 -1 19 -1 22 -1 #SUP: 242
22 -1 22 -1 19 -1 19 -1 19 -1 19 -1 19 -1 #SUP: 249
22 -1 22 -1 19 -1 19 -1 19 -1 21 -1 19 -1 #SUP: 242
22 -1 22 -1 21 -1 19 -1 19 -1 21 -1 #SUP: 247
22 -1 22 -1 21 -1 19 -1 19 -1 21 -1 19 -1 19 -1 #SUP: 242
22 -1 22 -1 19 -1 21 -1 19 -1 #SUP: 255
22 -1 22 -1 19 -1 21 -1 22 -1 #SUP: 243
22 -1 22 -1 19 -1 21 -1 19 -1 19 -1 #SUP: 253
22 -1 22 -1 19 -1 21 -1 19 -1 21 -1 #SUP: 246
22 -1 22 -1 21 -1 19 -1 #SUP: 264
22 -1 22 -1 21 -1 22 -1 #SUP: 258
22 -1 22 -1 21 -1 22 -1 22 -1 #SUP: 243
22 -1 22 -1 21 -1 22 -1 19 -1 #SUP: 251
22 -1 22 -1 21 -1 3 -1 #SUP: 247
22 -1 22 -1 21 -1 3 -1 22 -1 #SUP: 245
22 -1 22 -1 21 -1 19 -1 22 -1 #SUP: 257
22 -1 22 -1 21 -1 19 -1 22 -1 22 -1 #SUP: 242
22 -1 22 -1 21 -1 19 -1 22 -1 19 -1 #SUP: 250
22 -1 22 -1 21 -1 19 -1 3 -1 #SUP: 244
22 -1 22 -1 21 -1 19 -1 3 -1 22 -1 #SUP: 242
22 -1 19 -1 3 -1 22 -1 22 -1 #SUP: 243
22 -1 22 -1 21 -1 19 -1 19 -1 22 -1 #SUP: 250
22 -1 22 -1 21 -1 19 -1 19 -1 19 -1 #SUP: 258
22 -1 22 -1 21 -1 19 -1 19 -1 19 -1 22 -1 #SUP: 246
22 -1 22 -1 21 -1 19 -1 19 -1 19 -1 19 -1 #SUP: 252
22 -1 22 -1 21 -1 19 -1 19 -1 19 -1 19 -1 19 -1 #SUP: 246
22 -1 22 -1 21 -1 19 -1 21 -1 19 -1 #SUP: 253
22 -1 22 -1 21 -1 19 -1 21 -1 19 -1 19 -1 #SUP: 251
22 -1 22 -1 21 -1 19 -1 21 -1 19 -1 21 -1 #SUP: 245
22 -1 22 -1 21 -1 19 -1 21 -1 19 -1 21 -1 19 -1 #SUP: 244
22 -1 22 -1 21 -1 21 -1 19 -1 #SUP: 254
22 -1 3 -1 22 -1 #SUP: 258
22 -1 3 -1 22 -1 22 -1 #SUP: 248
22 -1 3 -1 22 -1 19 -1 #SUP: 250
22 -1 3 -1 22 -1 21 -1 #SUP: 242
22 -1 19 -1 19 -1 #SUP: 270
22 -1 19 -1 22 -1 #SUP: 268
22 -1 19 -1 22 -1 22 -1 #SUP: 256
22 -1 19 -1 22 -1 22 -1 19 -1 #SUP: 248
22 -1 19 -1 22 -1 3 -1 #SUP: 242
22 -1 19 -1 22 -1 19 -1 #SUP: 264
22 -1 19 -1 22 -1 19 -1 22 -1 #SUP: 247
22 -1 21 -1 19 -1 21 -1 19 -1 19 -1 21 -1 19 -1 #SUP: 250
22 -1 19 -1 22 -1 19 -1 19 -1 #SUP: 253
22 -1 19 -1 22 -1 19 -1 19 -1 19 -1 #SUP: 247
22 -1 19 -1 22 -1 21 -1 19 -1 #SUP: 256
22 -1 19 -1 22 -1 21 -1 22 -1 #SUP: 245
22 -1 19 -1 22 -1 21 -1 19 -1 22 -1 #SUP: 242
22 -1 19 -1 3 -1 22 -1 #SUP: 256
22 -1 19 -1 3 -1 22 -1 19 -1 #SUP: 246
22 -1 19 -1 3 -1 19 -1 #SUP: 247
22 -1 19 -1 19 -1 22 -1 #SUP: 263
22 -1 19 -1 19 -1 22 -1 22 -1 #SUP: 244
22 -1 19 -1 19 -1 22 -1 19 -1 #SUP: 253
22 -1 19 -1 19 -1 3 -1 22 -1 #SUP: 250
22 -1 19 -1 19 -1 19 -1 #SUP: 269
22 -1 19 -1 19 -1 19 -1 22 -1 #SUP: 257
22 -1 19 -1 19 -1 19 -1 22 -1 22 -1 #SUP: 243
22 -1 19 -1 19 -1 19 -1 22 -1 19 -1 #SUP: 243
22 -1 19 -1 19 -1 19 -1 19 -1 #SUP: 264
22 -1 19 -1 19 -1 19 -1 19 -1 22 -1 #SUP: 255
22 -1 21 -1 19 -1 19 -1 21 -1 19 -1 19 -1 #SUP: 253
22 -1 19 -1 19 -1 19 -1 19 -1 3 -1 #SUP: 243
22 -1 19 -1 19 -1 19 -1 19 -1 19 -1 #SUP: 259
22 -1 19 -1 19 -1 19 -1 19 -1 19 -1 19 -1 #SUP: 254
22 -1 19 -1 19 -1 19 -1 19 -1 19 -1 19 -1 22 -1 #SUP: 244
22 -1 19 -1 19 -1 19 -1 19 -1 19 -1 19 -1 19 -1 19 -1 #SUP: 244
22 -1 19 -1 19 -1 19 -1 19 -1 21 -1 #SUP: 250
22 -1 19 -1 19 -1 19 -1 19 -1 21 -1 19 -1 #SUP: 249
22 -1 19 -1 19 -1 19 -1 19 -1 21 -1 19 -1 19 -1 #SUP: 246
22 -1 19 -1 19 -1 19 -1 19 -1 21 -1 19 -1 19 -1 19 -1 #SUP: 242
22 -1 19 -1 19 -1 19 -1 21 -1 19 -1 #SUP: 252
22 -1 19 -1 19 -1 19 -1 21 -1 22 -1 #SUP: 243
22 -1 19 -1 19 -1 19 -1 21 -1 19 -1 19 -1 #SUP: 248
22 -1 19 -1 19 -1 19 -1 21 -1 19 -1 19 -1 19 -1 19 -1 #SUP: 242
22 -1 19 -1 19 -1 19 -1 21 -1 19 -1 21 -1 #SUP: 244
22 -1 21 -1 19 -1 19 -1 19 -1 3 -1 #SUP: 243
22 -1 19 -1 19 -1 19 -1 21 -1 19 -1 21 -1 19 -1 #SUP: 243
22 -1 19 -1 19 -1 21 -1 19 -1 #SUP: 261
22 -1 19 -1 19 -1 21 -1 3 -1 #SUP: 244
22 -1 19 -1 21 -1 19 -1 19 -1 3 -1 #SUP: 242
22 -1 19 -1 19 -1 21 -1 19 -1 3 -1 #SUP: 242
22 -1 19 -1 19 -1 21 -1 19 -1 19 -1 #SUP: 256
22 -1 19 -1 19 -1 21 -1 19 -1 19 -1 19 -1 #SUP: 249
22 -1 19 -1 21 -1 19 -1 3 -1 #SUP: 248
22 -1 21 -1 19 -1 21 -1 19 -1 19 -1 19 -1 21 -1 #SUP: 248
22 -1 21 -1 21 -1 19 -1 19 -1 19 -1 21 -1 19 -1 #SUP: 248
22 -1 19 -1 19 -1 21 -1 19 -1 19 -1 19 -1 19 -1 #SUP: 247
22 -1 19 -1 19 -1 21 -1 19 -1 19 -1 19 -1 19 -1 19 -1 #SUP: 245
22 -1 19 -1 19 -1 21 -1 19 -1 19 -1 21 -1 19 -1 #SUP: 242
22 -1 19 -1 19 -1 21 -1 19 -1 21 -1 #SUP: 250
22 -1 19 -1 19 -1 21 -1 19 -1 21 -1 22 -1 #SUP: 242
22 -1 19 -1 19 -1 21 -1 19 -1 21 -1 19 -1 #SUP: 249
22 -1 21 -1 19 -1 19 -1 3 -1 #SUP: 248
22 -1 19 -1 21 -1 19 -1 #SUP: 266
22 -1 19 -1 21 -1 19 -1 22 -1 #SUP: 258
22 -1 19 -1 21 -1 22 -1 22 -1 #SUP: 244
22 -1 19 -1 21 -1 3 -1 #SUP: 249
22 -1 19 -1 21 -1 3 -1 22 -1 #SUP: 247
22 -1 19 -1 21 -1 19 -1 22 -1 22 -1 #SUP: 242
22 -1 19 -1 21 -1 19 -1 3 -1 22 -1 #SUP: 245
22 -1 19 -1 21 -1 19 -1 19 -1 #SUP: 264
22 -1 19 -1 21 -1 19 -1 19 -1 22 -1 #SUP: 253
22 -1 19 -1 21 -1 19 -1 19 -1 19 -1 #SUP: 259
22 -1 19 -1 21 -1 19 -1 19 -1 19 -1 19 -1 #SUP: 256
22 -1 19 -1 21 -1 19 -1 19 -1 19 -1 19 -1 22 -1 #SUP: 244
22 -1 19 -1 21 -1 19 -1 19 -1 19 -1 19 -1 19 -1 #SUP: 251
22 -1 19 -1 21 -1 19 -1 19 -1 19 -1 19 -1 19 -1 19 -1 #SUP: 247
22 -1 19 -1 21 -1 19 -1 19 -1 19 -1 21 -1 19 -1 19 -1 #SUP: 244
22 -1 21 -1 19 -1 19 -1 19 -1 19 -1 21 -1 19 -1 19 -1 #SUP: 244
22 -1 19 -1 21 -1 19 -1 19 -1 21 -1 19 -1 #SUP: 251
22 -1 19 -1 21 -1 19 -1 19 -1 21 -1 22 -1 #SUP: 242
22 -1 19 -1 21 -1 19 -1 19 -1 21 -1 19 -1 19 -1 #SUP: 247
22 -1 19 -1 21 -1 19 -1 19 -1 21 -1 19 -1 21 -1 #SUP: 243
22 -1 21 -1 19 -1 19 -1 19 -1 21 -1 19 -1 21 -1 #SUP: 243
22 -1 19 -1 21 -1 19 -1 19 -1 21 -1 19 -1 21 -1 19 -1 #SUP: 242
22 -1 21 -1 19 -1 19 -1 19 -1 21 -1 19 -1 21 -1 19 -1 #SUP: 242
22 -1 19 -1 21 -1 19 -1 21 -1 22 -1 #SUP: 246
22 -1 21 -1 21 -1 19 -1 3 -1 #SUP: 245
22 -1 19 -1 21 -1 19 -1 21 -1 19 -1 22 -1 #SUP: 245
22 -1 19 -1 21 -1 19 -1 21 -1 19 -1 19 -1 #SUP: 253
22 -1 19 -1 21 -1 19 -1 21 -1 19 -1 19 -1 22 -1 #SUP: 242
22 -1 19 -1 21 -1 19 -1 21 -1 19 -1 19 -1 19 -1 #SUP: 248
22 -1 19 -1 21 -1 19 -1 21 -1 19 -1 19 -1 19 -1 19 -1 #SUP: 245
22 -1 21 -1 19 -1 21 -1 19 -1 21 -1 19 -1 21 -1 #SUP: 248
22 -1 21 -1 19 -1 21 -1 19 -1 21 -1 19 -1 21 -1 19 -1 #SUP: 247
22 -1 19 -1 21 -1 19 -1 21 -1 19 -1 21 -1 19 -1 19 -1 19 -1 #SUP: 242
22 -1 21 -1 19 -1 19 -1 21 -1 19 -1 21 -1 19 -1 19 -1 19 -1 #SUP: 242
22 -1 19 -1 21 -1 21 -1 22 -1 #SUP: 248
22 -1 19 -1 21 -1 21 -1 3 -1 #SUP: 242
22 -1 19 -1 21 -1 21 -1 19 -1 22 -1 #SUP: 247
22 -1 19 -1 21 -1 21 -1 19 -1 19 -1 #SUP: 254
22 -1 19 -1 21 -1 21 -1 19 -1 19 -1 22 -1 #SUP: 243
22 -1 19 -1 21 -1 21 -1 19 -1 19 -1 19 -1 19 -1 19 -1 #SUP: 242
22 -1 19 -1 21 -1 21 -1 19 -1 21 -1 #SUP: 249
22 -1 19 -1 21 -1 21 -1 19 -1 21 -1 19 -1 #SUP: 248
22 -1 21 -1 19 -1 19 -1 #SUP: 268
22 -1 21 -1 19 -1 22 -1 #SUP: 265
22 -1 21 -1 22 -1 22 -1 #SUP: 254
22 -1 21 -1 22 -1 22 -1 19 -1 #SUP: 247
22 -1 21 -1 19 -1 22 -1 19 -1 #SUP: 262
22 -1 21 -1 22 -1 19 -1 22 -1 #SUP: 242
22 -1 21 -1 22 -1 19 -1 19 -1 #SUP: 248
22 -1 21 -1 22 -1 21 -1 19 -1 #SUP: 253
22 -1 21 -1 3 -1 22 -1 #SUP: 254
22 -1 21 -1 3 -1 22 -1 22 -1 #SUP: 242
22 -1 21 -1 3 -1 22 -1 19 -1 #SUP: 245
22 -1 21 -1 19 -1 22 -1 22 -1 #SUP: 250
22 -1 21 -1 19 -1 22 -1 19 -1 19 -1 #SUP: 247
22 -1 21 -1 19 -1 22 -1 19 -1 19 -1 19 -1 #SUP: 243
22 -1 21 -1 19 -1 22 -1 21 -1 19 -1 #SUP: 252
22 -1 21 -1 19 -1 3 -1 #SUP: 253
22 -1 21 -1 19 -1 21 -1 19 -1 21 -1 19 -1 #SUP: 253
22 -1 21 -1 19 -1 3 -1 19 -1 #SUP: 243
22 -1 21 -1 19 -1 19 -1 22 -1 #SUP: 259
22 -1 21 -1 19 -1 19 -1 22 -1 19 -1 #SUP: 244
22 -1 21 -1 19 -1 19 -1 3 -1 22 -1 #SUP: 245
22 -1 21 -1 19 -1 19 -1 19 -1 #SUP: 265
22 -1 21 -1 19 -1 19 -1 19 -1 22 -1 #SUP: 254
22 -1 21 -1 19 -1 19 -1 19 -1 19 -1 #SUP: 261
22 -1 21 -1 19 -1 19 -1 19 -1 19 -1 19 -1 #SUP: 256
22 -1 21 -1 19 -1 19 -1 19 -1 19 -1 19 -1 22 -1 #SUP: 244
22 -1 21 -1 19 -1 19 -1 19 -1 19 -1 19 -1 19 -1 #SUP: 251
22 -1 21 -1 19 -1 19 -1 21 -1 19 -1 #SUP: 257
22 -1 21 -1 19 -1 19 -1 21 -1 22 -1 #SUP: 245
22 -1 21 -1 19 -1 19 -1 21 -1 3 -1 #SUP: 243
22 -1 21 -1 19 -1 19 -1 21 -1 19 -1 22 -1 #SUP: 244
22 -1 21 -1 19 -1 19 -1 21 -1 19 -1 19 -1 19 -1 19 -1 #SUP: 245
22 -1 21 -1 19 -1 19 -1 21 -1 19 -1 19 -1 19 -1 19 -1 19 -1 #SUP: 242
22 -1 21 -1 19 -1 21 -1 19 -1 22 -1 #SUP: 252
22 -1 21 -1 19 -1 21 -1 19 -1 3 -1 #SUP: 244
22 -1 21 -1 19 -1 21 -1 19 -1 19 -1 22 -1 #SUP: 248
22 -1 21 -1 19 -1 21 -1 19 -1 19 -1 19 -1 #SUP: 258
22 -1 21 -1 19 -1 21 -1 19 -1 19 -1 19 -1 22 -1 #SUP: 247
22 -1 21 -1 19 -1 21 -1 19 -1 19 -1 19 -1 19 -1 19 -1 19 -1 #SUP: 244
22 -1 21 -1 19 -1 21 -1 19 -1 19 -1 19 -1 21 -1 19 -1 19 -1 #SUP: 242
22 -1 21 -1 19 -1 21 -1 19 -1 19 -1 21 -1 19 -1 19 -1 #SUP: 245
22 -1 21 -1 19 -1 21 -1 19 -1 19 -1 21 -1 19 -1 21 -1 #SUP: 242
22 -1 21 -1 19 -1 21 -1 19 -1 21 -1 22 -1 #SUP: 243
22 -1 21 -1 19 -1 21 -1 19 -1 21 -1 19 -1 19 -1 #SUP: 250
22 -1 21 -1 19 -1 21 -1 19 -1 21 -1 19 -1 19 -1 19 -1 #SUP: 244
22 -1 21 -1 19 -1 21 -1 19 -1 21 -1 19 -1 19 -1 19 -1 19 -1 #SUP: 243
22 -1 21 -1 21 -1 19 -1 22 -1 19 -1 #SUP: 247
22 -1 21 -1 21 -1 3 -1 22 -1 #SUP: 244
22 -1 21 -1 21 -1 19 -1 3 -1 22 -1 #SUP: 243
22 -1 21 -1 21 -1 19 -1 19 -1 #SUP: 262
22 -1 21 -1 21 -1 19 -1 19 -1 22 -1 #SUP: 249
22 -1 21 -1 21 -1 19 -1 19 -1 19 -1 22 -1 #SUP: 248
22 -1 21 -1 21 -1 19 -1 19 -1 19 -1 19 -1 #SUP: 255
22 -1 21 -1 21 -1 19 -1 19 -1 19 -1 19 -1 22 -1 #SUP: 244
22 -1 21 -1 21 -1 19 -1 19 -1 19 -1 19 -1 19 -1 #SUP: 249
22 -1 21 -1 21 -1 19 -1 19 -1 19 -1 19 -1 19 -1 19 -1 #SUP: 245
22 -1 21 -1 21 -1 19 -1 19 -1 19 -1 21 -1 19 -1 19 -1 #SUP: 243
22 -1 21 -1 21 -1 19 -1 19 -1 21 -1 19 -1 #SUP: 251
22 -1 21 -1 21 -1 19 -1 19 -1 21 -1 22 -1 #SUP: 242
22 -1 21 -1 21 -1 19 -1 19 -1 21 -1 19 -1 19 -1 #SUP: 246
22 -1 21 -1 21 -1 19 -1 19 -1 21 -1 19 -1 19 -1 19 -1 #SUP: 242
22 -1 21 -1 21 -1 19 -1 21 -1 19 -1 19 -1 #SUP: 251
22 -1 21 -1 21 -1 19 -1 21 -1 19 -1 19 -1 19 -1 #SUP: 247
22 -1 21 -1 21 -1 19 -1 21 -1 19 -1 19 -1 19 -1 19 -1 #SUP: 244
22 -1 21 -1 21 -1 19 -1 21 -1 19 -1 21 -1 19 -1 #SUP: 249
22 -1 21 -1 21 -1 19 -1 21 -1 19 -1 21 -1 19 -1 19 -1 #SUP: 243
