37 -1 10 -1 #SUP: 66
37 -1 10 -1 38 -1 #SUP: 65
37 -1 10 -1 37 -1 #SUP: 65
37 -1 13 -1 37 -1 37 -1 #SUP: 68
37 -1 13 -1 37 -1 13 -1 #SUP: 68
13 -1 37 -1 38 -1 13 -1 37 -1 37 -1 37 -1 37 -1 #SUP: 65
38 -1 13 -1 37 -1 38 -1 #SUP: 65
13 -1 37 -1 37 -1 37 -1 37 -1 37 -1 #SUP: 67
13 -1 37 -1 37 -1 13 -1 #SUP: 67
37 -1 13 -1 37 -1 37 -1 37 -1 37 -1 #SUP: 67
13 -1 37 -1 37 -1 37 -1 37 -1 37 -1 37 -1 37 -1 37 -1 37 -1 37 -1 37 -1 37 -1 37 -1 37 -1 37 -1 #SUP: 66
37 -1 13 -1 37 -1 37 -1 37 -1 37 -1 37 -1 37 -1 37 -1 37 -1 37 -1 37 -1 37 -1 37 -1 37 -1 #SUP: 66
13 -1 37 -1 37 -1 37 -1 37 -1 37 -1 37 -1 13 -1 #SUP: 65
37 -1 13 -1 37 -1 37 -1 37 -1 37 -1 37 -1 13 -1 #SUP: 65
13 -1 37 -1 37 -1 37 -1 37 -1 13 -1 #SUP: 66
37 -1 13 -1 37 -1 37 -1 37 -1 13 -1 #SUP: 66
13 -1 37 -1 13 -1 37 -1 37 -1 37 -1 13 -1 37 -1 #SUP: 65
13 -1 37 -1 13 -1 37 -1 37 -1 37 -1 37 -1 #SUP: 66
13 -1 37 -1 13 -1 37 -1 13 -1 37 -1 #SUP: 66
13 -1 37 -1 37 -1 13 -1 37 -1 37 -1 37 -1 37 -1 37 -1 37 -1 37 -1 #SUP: 65
13 -1 37 -1 13 -1 37 -1 37 -1 37 -1 37 -1 37 -1 37 -1 37 -1 37 -1 37 -1 37 -1 37 -1 37 -1 37 -1 #SUP: 65
13 -1 37 -1 13 -1 37 -1 13 -1 37 -1 37 -1 #SUP: 65
37 -1 13 -1 37 -1 13 -1 37 -1 37 -1 37 -1 37 -1 37 -1 37 -1 37 -1 #SUP: 65
37 -1 13 -1 37 -1 13 -1 37 -1 #SUP: 67
37 -1 37 -1 37 -1 #SUP: 73
37 -1 38 -1 #SUP: 71
38 -1 38 -1 #SUP: 71
37 -1 38 -1 38 -1 #SUP: 70
37 -1 38 -1 38 -1 38 -1 #SUP: 69
37 -1 37 -1 37 -1 38 -1 38 -1 #SUP: 69
37 -1 37 -1 38 -1 38 -1 38 -1 38 -1 #SUP: 66
37 -1 37 -1 37 -1 38 -1 38 -1 38 -1 #SUP: 66
37 -1 37 -1 38 -1 38 -1 38 -1 38 -1 37 -1 #SUP: 65
37 -1 37 -1 38 -1 38 -1 37 -1 38 -1 #SUP: 65
37 -1 37 -1 38 -1 37 -1 38 -1 38 -1 #SUP: 65
37 -1 37 -1 37 -1 37 -1 38 -1 38 -1 38 -1 37 -1 #SUP: 65
37 -1 38 -1 37 -1 38 -1 38 -1 37 -1 #SUP: 67
37 -1 38 -1 13 -1 37 -1 37 -1 37 -1 37 -1 37 -1 37 -1 37 -1 37 -1 37 -1 37 -1 37 -1 37 -1 37 -1 #SUP: 65
37 -1 37 -1 37 -1 37 -1 38 -1 38 -1 37 -1 #SUP: 67
37 -1 37 -1 37 -1 37 -1 37 -1 38 -1 38 -1 #SUP: 67
38 -1 38 -1 37 -1 38 -1 37 -1 #SUP: 67
37 -1 38 -1 38 -1 38 -1 37 -1 37 -1 #SUP: 66
37 -1 38 -1 37 -1 37 -1 38 -1 37 -1 38 -1 #SUP: 66
37 -1 38 -1 38 -1 37 -1 37 -1 #SUP: 69
37 -1 38 -1 37 -1 38 -1 37 -1 38 -1 #SUP: 67
37 -1 37 -1 37 -1 38 -1 37 -1 38 -1 #SUP: 67
37 -1 38 -1 38 -1 37 -1 38 -1 37 -1 #SUP: 66
37 -1 37 -1 37 -1 37 -1 38 -1 37 -1 38 -1 #SUP: 66
37 -1 38 -1 38 -1 37 -1 37 -1 37 -1 #SUP: 68
37 -1 38 -1 38 -1 37 -1 37 -1 37 -1 37 -1 #SUP: 67
37 -1 38 -1 38 -1 37 -1 37 -1 37 -1 37 -1 37 -1 #SUP: 66
37 -1 38 -1 38 -1 37 -1 37 -1 37 -1 37 -1 37 -1 37 -1 37 -1 37 -1 37 -1 #SUP: 65
37 -1 38 -1 37 -1 37 -1 38 -1 37 -1 37 -1 37 -1 #SUP: 66
37 -1 38 -1 10 -1 #SUP: 65
37 -1 38 -1 37 -1 37 -1 37 -1 37 -1 #SUP: 70
38 -1 38 -1 37 -1 37 -1 37 -1 #SUP: 70
37 -1 38 -1 37 -1 38 -1 38 -1 #SUP: 68
37 -1 38 -1 37 -1 37 -1 38 -1 37 -1 #SUP: 68
37 -1 37 -1 37 -1 37 -1 37 -1 38 -1 #SUP: 68
38 -1 37 -1 38 -1 37 -1 38 -1 #SUP: 68
37 -1 38 -1 37 -1 38 -1 38 -1 37 -1 37 -1 #SUP: 65
37 -1 37 -1 37 -1 37 -1 37 -1 38 -1 38 -1 37 -1 37 -1 #SUP: 65
38 -1 37 -1 38 -1 37 -1 38 -1 37 -1 37 -1 #SUP: 65
37 -1 38 -1 37 -1 38 -1 37 -1 38 -1 37 -1 #SUP: 65
37 -1 37 -1 38 -1 37 -1 38 -1 37 -1 37 -1 #SUP: 65
37 -1 37 -1 37 -1 37 -1 37 -1 38 -1 37 -1 37 -1 37 -1 #SUP: 65
37 -1 38 -1 37 -1 37 -1 38 -1 37 -1 37 -1 #SUP: 67
37 -1 38 -1 37 -1 37 -1 38 -1 37 -1 37 -1 37 -1 37 -1 37 -1 #SUP: 65
37 -1 37 -1 38 -1 37 -1 37 -1 38 -1 #SUP: 65
37 -1 37 -1 37 -1 38 -1 37 -1 37 -1 37 -1 37 -1 37 -1 37 -1 37 -1 #SUP: 65
37 -1 38 -1 37 -1 37 -1 38 -1 38 -1 #SUP: 67
37 -1 38 -1 37 -1 37 -1 37 -1 38 -1 #SUP: 67
38 -1 38 -1 37 -1 37 -1 37 -1 37 -1 37 -1 #SUP: 68
37 -1 38 -1 37 -1 37 -1 37 -1 38 -1 38 -1 37 -1 #SUP: 66
37 -1 38 -1 37 -1 37 -1 37 -1 37 -1 38 -1 #SUP: 66
37 -1 38 -1 37 -1 37 -1 37 -1 37 -1 37 -1 37 -1 37 -1 #SUP: 69
37 -1 38 -1 37 -1 37 -1 37 -1 37 -1 37 -1 37 -1 37 -1 37 -1 37 -1 37 -1 37 -1 37 -1 #SUP: 68
37 -1 38 -1 37 -1 37 -1 37 -1 37 -1 37 -1 37 -1 37 -1 37 -1 37 -1 37 -1 37 -1 37 -1 37 -1 #SUP: 67
37 -1 38 -1 37 -1 37 -1 37 -1 37 -1 37 -1 37 -1 37 -1 37 -1 37 -1 37 -1 37 -1 37 -1 37 -1 37 -1 #SUP: 65
38 -1 38 -1 37 -1 37 -1 37 -1 37 -1 37 -1 37 -1 37 -1 37 -1 37 -1 37 -1 37 -1 37 -1 37 -1 #SUP: 65
38 -1 37 -1 37 -1 37 -1 37 -1 37 -1 37 -1 37 -1 37 -1 37 -1 37 -1 37 -1 37 -1 37 -1 37 -1 37 -1 #SUP: 65
37 -1 38 -1 13 -1 37 -1 37 -1 37 -1 13 -1 #SUP: 65
38 -1 38 -1 37 -1 37 -1 37 -1 13 -1 #SUP: 65
38 -1 38 -1 13 -1 37 -1 37 -1 37 -1 37 -1 #SUP: 65
37 -1 38 -1 13 -1 37 -1 37 -1 37 -1 37 -1 #SUP: 66
37 -1 37 -1 37 -1 38 -1 38 -1 37 -1 37 -1 #SUP: 66
37 -1 37 -1 37 -1 37 -1 37 -1 38 -1 38 -1 37 -1 #SUP: 66
37 -1 37 -1 37 -1 37 -1 37 -1 38 -1 37 -1 37 -1 #SUP: 66
38 -1 37 -1 38 -1 37 -1 38 -1 37 -1 #SUP: 66
37 -1 37 -1 37 -1 10 -1 #SUP: 65
37 -1 37 -1 37 -1 37 -1 37 -1 #SUP: 71
37 -1 37 -1 37 -1 37 -1 37 -1 37 -1 37 -1 37 -1 37 -1 37 -1 #SUP: 70
37 -1 37 -1 37 -1 37 -1 37 -1 37 -1 37 -1 38 -1 #SUP: 66
37 -1 37 -1 37 -1 37 -1 37 -1 37 -1 38 -1 38 -1 37 -1 #SUP: 65
37 -1 37 -1 37 -1 37 -1 37 -1 37 -1 37 -1 37 -1 37 -1 38 -1 #SUP: 65
37 -1 37 -1 37 -1 37 -1 37 -1 37 -1 37 -1 37 -1 37 -1 37 -1 37 -1 37 -1 37 -1 37 -1 #SUP: 69
37 -1 37 -1 37 -1 37 -1 37 -1 37 -1 37 -1 37 -1 37 -1 37 -1 37 -1 37 -1 37 -1 37 -1 37 -1 #SUP: 68
37 -1 37 -1 37 -1 37 -1 37 -1 37 -1 37 -1 37 -1 37 -1 37 -1 37 -1 37 -1 37 -1 37 -1 37 -1 37 -1 #SUP: 66
37 -1 37 -1 37 -1 37 -1 37 -1 37 -1 37 -1 37 -1 37 -1 37 -1 37 -1 37 -1 37 -1 37 -1 37 -1 37 -1 37 -1 37 -1 #SUP: 65
37 -1 13 -1 37 -1 37 -1 37 -1 37 -1 37 -1 37 -1 37 -1 37 -1 37 -1 37 -1 37 -1 37 -1 37 -1 37 -1 #SUP: 65
38 -1 38 -1 38 -1 38 -1 #SUP: 67
38 -1 38 -1 38 -1 38 -1 37 -1 #SUP: 66
38 -1 38 -1 38 -1 38 -1 37 -1 37 -1 #SUP: 65
38 -1 38 -1 37 -1 38 -1 38 -1 37 -1 #SUP: 65
38 -1 38 -1 37 -1 37 -1 38 -1 #SUP: 65
38 -1 38 -1 37 -1 37 -1 37 -1 37 -1 #SUP: 69
38 -1 38 -1 37 -1 37 -1 37 -1 37 -1 37 -1 37 -1 37 -1 37 -1 37 -1 #SUP: 67
38 -1 37 -1 38 -1 37 -1 37 -1 37 -1 #SUP: 68
38 -1 38 -1 37 -1 37 -1 37 -1 37 -1 37 -1 37 -1 37 -1 37 -1 37 -1 37 -1 37 -1 #SUP: 66
38 -1 37 -1 38 -1 37 -1 #SUP: 69
38 -1 37 -1 38 -1 37 -1 37 -1 37 -1 37 -1 37 -1 #SUP: 67
38 -1 37 -1 38 -1 37 -1 37 -1 37 -1 37 -1 37 -1 37 -1 37 -1 #SUP: 66
38 -1 37 -1 38 -1 37 -1 37 -1 37 -1 37 -1 37 -1 37 -1 37 -1 37 -1 37 -1 #SUP: 65
