13 -1 37 -1 37 -1 37 -1 #SUP: 66
13 -1 37 -1 13 -1 37 -1 #SUP: 66
37 -1 13 -1 37 -1 37 -1 #SUP: 66
13 -1 37 -1 38 -1 38 -1 13 -1 37 -1 38 -1 #SUP: 62
13 -1 37 -1 38 -1 37 -1 37 -1 38 -1 #SUP: 62
13 -1 37 -1 37 -1 38 -1 13 -1 37 -1 38 -1 #SUP: 62
13 -1 37 -1 37 -1 13 -1 37 -1 38 -1 38 -1 #SUP: 62
13 -1 37 -1 13 -1 13 -1 37 -1 37 -1 37 -1 37 -1 37 -1 #SUP: 61
37 -1 38 -1 13 -1 37 -1 37 -1 38 -1 #SUP: 62
37 -1 37 -1 13 -1 37 -1 38 -1 37 -1 38 -1 #SUP: 62
37 -1 37 -1 13 -1 37 -1 37 -1 38 -1 38 -1 #SUP: 62
37 -1 37 -1 13 -1 37 -1 37 -1 38 -1 37 -1 #SUP: 62
37 -1 13 -1 37 -1 37 -1 38 -1 37 -1 38 -1 #SUP: 62
37 -1 13 -1 37 -1 37 -1 37 -1 38 -1 38 -1 #SUP: 62
38 -1 38 -1 13 -1 37 -1 37 -1 38 -1 #SUP: 62
13 -1 37 -1 38 -1 13 -1 37 -1 37 -1 38 -1 38 -1 #SUP: 60
13 -1 37 -1 37 -1 38 -1 38 -1 13 -1 37 -1 38 -1 #SUP: 61
37 -1 37 -1 38 -1 38 -1 13 -1 37 -1 37 -1 38 -1 #SUP: 61
37 -1 37 -1 37 -1 13 -1 37 -1 38 -1 37 -1 38 -1 #SUP: 60
37 -1 37 -1 13 -1 37 -1 38 -1 38 -1 38 -1 38 -1 #SUP: 61
37 -1 37 -1 13 -1 37 -1 38 -1 38 -1 37 -1 38 -1 #SUP: 61
37 -1 37 -1 13 -1 37 -1 38 -1 38 -1 37 -1 37 -1 #SUP: 61
37 -1 13 -1 37 -1 38 -1 38 -1 37 -1 37 -1 38 -1 #SUP: 61
37 -1 13 -1 37 -1 37 -1 38 -1 38 -1 38 -1 38 -1 #SUP: 61
37 -1 13 -1 37 -1 37 -1 38 -1 38 -1 37 -1 38 -1 #SUP: 61
38 -1 38 -1 13 -1 37 -1 37 -1 37 -1 37 -1 37 -1 37 -1 38 -1 38 -1 #SUP: 60
37 -1 38 -1 38 -1 13 -1 37 -1 38 -1 37 -1 #SUP: 60
37 -1 37 -1 38 -1 13 -1 37 -1 38 -1 37 -1 #SUP: 60
37 -1 37 -1 13 -1 38 -1 38 -1 37 -1 38 -1 37 -1 #SUP: 60
37 -1 37 -1 13 -1 37 -1 38 -1 38 -1 38 -1 37 -1 38 -1 #SUP: 60
37 -1 37 -1 13 -1 37 -1 38 -1 37 -1 38 -1 37 -1 #SUP: 60
37 -1 13 -1 37 -1 37 -1 38 -1 38 -1 38 -1 37 -1 38 -1 #SUP: 60
13 -1 37 -1 37 -1 38 -1 13 -1 37 -1 38 -1 38 -1 #SUP: 60
37 -1 38 -1 38 -1 13 -1 37 -1 37 -1 38 -1 38 -1 #SUP: 60
37 -1 37 -1 38 -1 13 -1 37 -1 37 -1 38 -1 38 -1 #SUP: 60
37 -1 37 -1 13 -1 37 -1 38 -1 38 -1 37 -1 38 -1 38 -1 #SUP: 60
37 -1 13 -1 37 -1 38 -1 38 -1 37 -1 37 -1 38 -1 38 -1 #SUP: 60
37 -1 13 -1 37 -1 37 -1 38 -1 38 -1 37 -1 38 -1 38 -1 #SUP: 60
13 -1 37 -1 37 -1 38 -1 38 -1 13 -1 37 -1 37 -1 38 -1 #SUP: 60
37 -1 13 -1 37 -1 37 -1 38 -1 38 -1 37 -1 37 -1 38 -1 #SUP: 60
13 -1 37 -1 38 -1 37 -1 37 -1 38 -1 38 -1 #SUP: 61
13 -1 37 -1 38 -1 13 -1 37 -1 38 -1 38 -1 #SUP: 61
37 -1 38 -1 13 -1 37 -1 37 -1 38 -1 38 -1 #SUP: 61
38 -1 38 -1 13 -1 37 -1 37 -1 37 -1 38 -1 38 -1 #SUP: 61
13 -1 37 -1 38 -1 37 -1 38 -1 37 -1 #SUP: 61
37 -1 38 -1 13 -1 37 -1 38 -1 37 -1 #SUP: 61
38 -1 38 -1 13 -1 37 -1 37 -1 38 -1 37 -1 #SUP: 61
13 -1 37 -1 38 -1 37 -1 38 -1 37 -1 38 -1 #SUP: 60
37 -1 37 -1 37 -1 38 -1 38 -1 37 -1 37 -1 37 -1 #SUP: 61
37 -1 37 -1 37 -1 37 -1 38 -1 38 -1 37 -1 #SUP: 62
37 -1 37 -1 37 -1 37 -1 37 -1 37 -1 37 -1 37 -1 13 -1 13 -1 37 -1 #SUP: 60
37 -1 37 -1 37 -1 37 -1 37 -1 13 -1 37 -1 37 -1 13 -1 37 -1 13 -1 37 -1 #SUP: 60
37 -1 37 -1 37 -1 37 -1 13 -1 37 -1 37 -1 37 -1 13 -1 37 -1 13 -1 37 -1 #SUP: 60
38 -1 38 -1 37 -1 37 -1 13 -1 37 -1 37 -1 38 -1 #SUP: 60
38 -1 38 -1 13 -1 37 -1 37 -1 13 -1 37 -1 38 -1 #SUP: 60
38 -1 37 -1 37 -1 37 -1 13 -1 37 -1 37 -1 37 -1 13 -1 13 -1 37 -1 #SUP: 60
38 -1 37 -1 37 -1 13 -1 37 -1 38 -1 37 -1 #SUP: 60
38 -1 37 -1 37 -1 13 -1 37 -1 37 -1 38 -1 38 -1 #SUP: 60
38 -1 37 -1 13 -1 37 -1 37 -1 38 -1 37 -1 #SUP: 60
38 -1 37 -1 13 -1 37 -1 37 -1 37 -1 38 -1 38 -1 #SUP: 60
38 -1 13 -1 37 -1 38 -1 38 -1 38 -1 #SUP: 60
38 -1 13 -1 37 -1 37 -1 13 -1 37 -1 38 -1 38 -1 #SUP: 60
13 -1 37 -1 38 -1 13 -1 37 -1 37 -1 37 -1 37 -1 #SUP: 60
37 -1 37 -1 13 -1 37 -1 38 -1 38 -1 37 -1 37 -1 38 -1 #SUP: 60
37 -1 37 -1 13 -1 37 -1 37 -1 38 -1 38 -1 38 -1 38 -1 #SUP: 60
13 -1 38 -1 13 -1 37 -1 38 -1 37 -1 #SUP: 60
13 -1 37 -1 13 -1 37 -1 38 -1 37 -1 38 -1 #SUP: 60
13 -1 13 -1 37 -1 37 -1 38 -1 37 -1 38 -1 #SUP: 60
13 -1 37 -1 38 -1 13 -1 37 -1 37 -1 38 -1 #SUP: 61
13 -1 37 -1 37 -1 37 -1 37 -1 37 -1 37 -1 38 -1 38 -1 #SUP: 61
13 -1 37 -1 37 -1 13 -1 37 -1 37 -1 38 -1 38 -1 #SUP: 61
13 -1 37 -1 13 -1 37 -1 37 -1 37 -1 37 -1 38 -1 38 -1 #SUP: 61
37 -1 37 -1 37 -1 37 -1 37 -1 38 -1 37 -1 38 -1 #SUP: 61
13 -1 37 -1 37 -1 37 -1 40 -1 #SUP: 62
37 -1 13 -1 37 -1 37 -1 40 -1 #SUP: 62
13 -1 37 -1 40 -1 40 -1 37 -1 #SUP: 60
37 -1 13 -1 37 -1 37 -1 40 -1 40 -1 #SUP: 60
13 -1 37 -1 37 -1 40 -1 37 -1 #SUP: 61
37 -1 37 -1 37 -1 37 -1 40 -1 40 -1 37 -1 #SUP: 60
38 -1 37 -1 38 -1 #SUP: 64
13 -1 37 -1 37 -1 37 -1 37 -1 #SUP: 65
13 -1 37 -1 13 -1 37 -1 37 -1 #SUP: 65
13 -1 37 -1 37 -1 37 -1 37 -1 40 -1 #SUP: 60
37 -1 39 -1 40 -1 #SUP: 60
13 -1 37 -1 37 -1 37 -1 37 -1 37 -1 #SUP: 64
37 -1 13 -1 37 -1 37 -1 37 -1 37 -1 #SUP: 64
38 -1 38 -1 37 -1 40 -1 #SUP: 62
13 -1 37 -1 37 -1 37 -1 37 -1 37 -1 37 -1 #SUP: 63
13 -1 37 -1 13 -1 37 -1 37 -1 37 -1 37 -1 #SUP: 63
37 -1 38 -1 13 -1 37 -1 37 -1 37 -1 38 -1 38 -1 #SUP: 60
37 -1 37 -1 37 -1 13 -1 37 -1 37 -1 13 -1 37 -1 37 -1 37 -1 37 -1 #SUP: 61
37 -1 37 -1 37 -1 13 -1 37 -1 13 -1 37 -1 37 -1 37 -1 37 -1 37 -1 37 -1 #SUP: 61
37 -1 13 -1 37 -1 37 -1 13 -1 37 -1 37 -1 37 -1 37 -1 37 -1 37 -1 #SUP: 61
37 -1 13 -1 37 -1 13 -1 37 -1 37 -1 37 -1 37 -1 37 -1 37 -1 37 -1 #SUP: 61
38 -1 38 -1 13 -1 37 -1 37 -1 37 -1 37 -1 37 -1 37 -1 37 -1 37 -1 #SUP: 61
13 -1 37 -1 13 -1 37 -1 37 -1 37 -1 37 -1 37 -1 37 -1 38 -1 38 -1 #SUP: 60
13 -1 37 -1 13 -1 37 -1 37 -1 37 -1 37 -1 37 -1 37 -1 37 -1 37 -1 37 -1 37 -1 #SUP: 60
37 -1 37 -1 37 -1 37 -1 37 -1 13 -1 37 -1 37 -1 38 -1 38 -1 #SUP: 60
37 -1 37 -1 37 -1 37 -1 13 -1 37 -1 37 -1 37 -1 37 -1 37 -1 37 -1 37 -1 #SUP: 60
37 -1 13 -1 37 -1 37 -1 13 -1 37 -1 37 -1 38 -1 38 -1 #SUP: 60
37 -1 13 -1 37 -1 37 -1 13 -1 37 -1 37 -1 37 -1 37 -1 37 -1 37 -1 37 -1 #SUP: 60
38 -1 38 -1 37 -1 37 -1 37 -1 37 -1 37 -1 37 -1 37 -1 37 -1 37 -1 37 -1 37 -1 #SUP: 60
38 -1 13 -1 37 -1 37 -1 37 -1 37 -1 37 -1 37 -1 37 -1 37 -1 37 -1 37 -1 37 -1 #SUP: 60
13 -1 37 -1 37 -1 37 -1 13 -1 13 -1 37 -1 13 -1 37 -1 37 -1 #SUP: 60
13 -1 37 -1 37 -1 13 -1 37 -1 13 -1 37 -1 37 -1 37 -1 37 -1 37 -1 #SUP: 60
13 -1 37 -1 37 -1 13 -1 37 -1 13 -1 37 -1 37 -1 13 -1 37 -1 37 -1 #SUP: 60
13 -1 37 -1 13 -1 37 -1 37 -1 37 -1 37 -1 37 -1 13 -1 37 -1 37 -1 #SUP: 60
13 -1 37 -1 13 -1 37 -1 37 -1 13 -1 37 -1 37 -1 37 -1 37 -1 37 -1 #SUP: 60
13 -1 37 -1 13 -1 37 -1 37 -1 13 -1 37 -1 37 -1 13 -1 37 -1 37 -1 #SUP: 60
13 -1 37 -1 13 -1 37 -1 13 -1 37 -1 37 -1 37 -1 37 -1 37 -1 37 -1 #SUP: 60
13 -1 37 -1 13 -1 37 -1 13 -1 37 -1 37 -1 37 -1 37 -1 13 -1 37 -1 #SUP: 60
13 -1 37 -1 13 -1 37 -1 13 -1 37 -1 37 -1 37 -1 13 -1 37 -1 37 -1 #SUP: 60
37 -1 37 -1 37 -1 37 -1 37 -1 37 -1 13 -1 37 -1 13 -1 37 -1 37 -1 #SUP: 60
37 -1 37 -1 37 -1 37 -1 37 -1 37 -1 13 -1 13 -1 13 -1 37 -1 #SUP: 60
37 -1 37 -1 37 -1 37 -1 13 -1 37 -1 13 -1 37 -1 37 -1 37 -1 13 -1 37 -1 #SUP: 60
37 -1 37 -1 37 -1 13 -1 37 -1 13 -1 37 -1 37 -1 13 -1 37 -1 37 -1 37 -1 #SUP: 60
37 -1 37 -1 37 -1 13 -1 37 -1 13 -1 37 -1 37 -1 13 -1 37 -1 13 -1 37 -1 #SUP: 60
37 -1 37 -1 37 -1 13 -1 37 -1 13 -1 37 -1 13 -1 37 -1 37 -1 37 -1 37 -1 #SUP: 60
37 -1 37 -1 37 -1 13 -1 37 -1 13 -1 37 -1 13 -1 37 -1 37 -1 13 -1 37 -1 #SUP: 60
37 -1 37 -1 13 -1 37 -1 37 -1 37 -1 37 -1 37 -1 37 -1 13 -1 37 -1 #SUP: 60
37 -1 37 -1 13 -1 37 -1 13 -1 37 -1 37 -1 13 -1 37 -1 37 -1 37 -1 37 -1 #SUP: 60
37 -1 37 -1 13 -1 37 -1 13 -1 37 -1 37 -1 13 -1 37 -1 37 -1 13 -1 37 -1 #SUP: 60
37 -1 37 -1 13 -1 13 -1 37 -1 13 -1 37 -1 37 -1 37 -1 13 -1 37 -1 #SUP: 60
37 -1 13 -1 37 -1 37 -1 37 -1 37 -1 13 -1 37 -1 13 -1 37 -1 37 -1 #SUP: 60
37 -1 13 -1 37 -1 37 -1 37 -1 13 -1 37 -1 37 -1 37 -1 13 -1 37 -1 37 -1 #SUP: 60
37 -1 13 -1 37 -1 37 -1 37 -1 13 -1 13 -1 37 -1 37 -1 37 -1 #SUP: 60
37 -1 13 -1 37 -1 37 -1 37 -1 13 -1 13 -1 37 -1 13 -1 37 -1 #SUP: 60
37 -1 13 -1 37 -1 37 -1 13 -1 37 -1 37 -1 13 -1 37 -1 37 -1 37 -1 #SUP: 60
37 -1 13 -1 37 -1 37 -1 13 -1 37 -1 37 -1 13 -1 37 -1 13 -1 37 -1 #SUP: 60
37 -1 13 -1 37 -1 37 -1 13 -1 37 -1 13 -1 37 -1 37 -1 37 -1 13 -1 37 -1 #SUP: 60
37 -1 13 -1 37 -1 13 -1 37 -1 37 -1 37 -1 37 -1 37 -1 13 -1 37 -1 #SUP: 60
38 -1 38 -1 37 -1 37 -1 37 -1 37 -1 37 -1 13 -1 37 -1 37 -1 37 -1 #SUP: 60
38 -1 38 -1 37 -1 37 -1 13 -1 37 -1 37 -1 37 -1 37 -1 37 -1 37 -1 #SUP: 60
38 -1 38 -1 37 -1 13 -1 37 -1 37 -1 37 -1 37 -1 37 -1 37 -1 37 -1 #SUP: 60
38 -1 38 -1 13 -1 37 -1 37 -1 37 -1 37 -1 37 -1 37 -1 13 -1 37 -1 #SUP: 60
38 -1 38 -1 13 -1 37 -1 37 -1 37 -1 37 -1 13 -1 37 -1 37 -1 37 -1 #SUP: 60
38 -1 38 -1 13 -1 37 -1 37 -1 37 -1 13 -1 37 -1 37 -1 37 -1 37 -1 #SUP: 60
38 -1 37 -1 37 -1 37 -1 13 -1 37 -1 37 -1 13 -1 37 -1 37 -1 37 -1 #SUP: 60
38 -1 37 -1 37 -1 13 -1 37 -1 37 -1 37 -1 13 -1 37 -1 37 -1 37 -1 #SUP: 60
38 -1 37 -1 13 -1 37 -1 37 -1 37 -1 37 -1 13 -1 37 -1 37 -1 37 -1 #SUP: 60
38 -1 37 -1 13 -1 37 -1 13 -1 37 -1 37 -1 37 -1 37 -1 37 -1 37 -1 #SUP: 60
38 -1 37 -1 13 -1 37 -1 13 -1 37 -1 37 -1 37 -1 13 -1 37 -1 37 -1 #SUP: 60
38 -1 37 -1 13 -1 37 -1 13 -1 37 -1 37 -1 13 -1 37 -1 37 -1 37 -1 #SUP: 60
38 -1 37 -1 13 -1 37 -1 13 -1 37 -1 37 -1 13 -1 37 -1 13 -1 37 -1 #SUP: 60
38 -1 37 -1 13 -1 37 -1 13 -1 37 -1 13 -1 37 -1 37 -1 13 -1 37 -1 #SUP: 60
38 -1 13 -1 37 -1 37 -1 37 -1 13 -1 37 -1 37 -1 37 -1 13 -1 37 -1 37 -1 #SUP: 60
38 -1 13 -1 37 -1 37 -1 37 -1 13 -1 13 -1 37 -1 37 -1 37 -1 #SUP: 60
38 -1 13 -1 37 -1 37 -1 37 -1 13 -1 13 -1 37 -1 13 -1 37 -1 #SUP: 60
38 -1 13 -1 37 -1 37 -1 13 -1 37 -1 37 -1 37 -1 37 -1 37 -1 37 -1 #SUP: 60
38 -1 13 -1 37 -1 37 -1 13 -1 37 -1 37 -1 13 -1 37 -1 37 -1 37 -1 #SUP: 60
38 -1 13 -1 37 -1 37 -1 13 -1 37 -1 37 -1 13 -1 37 -1 13 -1 37 -1 #SUP: 60
38 -1 13 -1 37 -1 37 -1 13 -1 37 -1 13 -1 37 -1 37 -1 37 -1 13 -1 37 -1 #SUP: 60
38 -1 13 -1 37 -1 13 -1 37 -1 37 -1 37 -1 37 -1 37 -1 37 -1 37 -1 #SUP: 60
38 -1 13 -1 37 -1 13 -1 37 -1 37 -1 37 -1 37 -1 13 -1 37 -1 37 -1 #SUP: 60
38 -1 13 -1 37 -1 13 -1 37 -1 37 -1 13 -1 37 -1 37 -1 13 -1 37 -1 #SUP: 60
37 -1 37 -1 37 -1 37 -1 37 -1 37 -1 37 -1 37 -1 13 -1 37 -1 37 -1 #SUP: 61
37 -1 37 -1 37 -1 37 -1 37 -1 13 -1 37 -1 37 -1 37 -1 13 -1 37 -1 #SUP: 61
37 -1 37 -1 37 -1 37 -1 37 -1 13 -1 37 -1 37 -1 13 -1 37 -1 37 -1 #SUP: 61
37 -1 37 -1 37 -1 37 -1 37 -1 13 -1 13 -1 37 -1 13 -1 37 -1 #SUP: 61
37 -1 37 -1 37 -1 37 -1 13 -1 37 -1 37 -1 37 -1 37 -1 13 -1 37 -1 #SUP: 61
37 -1 37 -1 37 -1 37 -1 13 -1 37 -1 37 -1 37 -1 13 -1 37 -1 37 -1 #SUP: 61
37 -1 37 -1 37 -1 37 -1 13 -1 37 -1 37 -1 13 -1 37 -1 13 -1 37 -1 #SUP: 61
37 -1 37 -1 37 -1 13 -1 37 -1 37 -1 37 -1 13 -1 37 -1 13 -1 37 -1 #SUP: 61
38 -1 38 -1 37 -1 37 -1 37 -1 37 -1 37 -1 37 -1 13 -1 37 -1 37 -1 #SUP: 61
38 -1 38 -1 37 -1 37 -1 37 -1 37 -1 13 -1 37 -1 37 -1 37 -1 #SUP: 61
38 -1 38 -1 37 -1 37 -1 37 -1 13 -1 37 -1 37 -1 37 -1 37 -1 37 -1 #SUP: 61
38 -1 38 -1 13 -1 37 -1 37 -1 37 -1 37 -1 13 -1 37 -1 #SUP: 61
38 -1 38 -1 13 -1 37 -1 37 -1 37 -1 13 -1 37 -1 37 -1 #SUP: 61
38 -1 37 -1 37 -1 37 -1 37 -1 37 -1 13 -1 37 -1 37 -1 37 -1 #SUP: 61
38 -1 37 -1 37 -1 37 -1 13 -1 37 -1 37 -1 37 -1 13 -1 37 -1 37 -1 #SUP: 61
38 -1 37 -1 37 -1 37 -1 13 -1 37 -1 37 -1 13 -1 37 -1 13 -1 37 -1 #SUP: 61
38 -1 37 -1 37 -1 13 -1 37 -1 37 -1 37 -1 13 -1 37 -1 13 -1 37 -1 #SUP: 61
13 -1 37 -1 37 -1 13 -1 37 -1 #SUP: 65
37 -1 37 -1 13 -1 37 -1 37 -1 #SUP: 65
13 -1 37 -1 37 -1 13 -1 37 -1 40 -1 #SUP: 60
37 -1 37 -1 13 -1 37 -1 37 -1 40 -1 #SUP: 60
13 -1 37 -1 37 -1 13 -1 37 -1 37 -1 #SUP: 64
13 -1 37 -1 37 -1 13 -1 37 -1 37 -1 37 -1 37 -1 #SUP: 62
38 -1 38 -1 13 -1 37 -1 37 -1 37 -1 37 -1 37 -1 37 -1 #SUP: 62
13 -1 37 -1 37 -1 13 -1 37 -1 37 -1 37 -1 37 -1 38 -1 38 -1 #SUP: 60
38 -1 37 -1 37 -1 37 -1 37 -1 37 -1 13 -1 37 -1 13 -1 37 -1 37 -1 #SUP: 60
38 -1 37 -1 37 -1 37 -1 37 -1 37 -1 13 -1 13 -1 13 -1 37 -1 #SUP: 60
13 -1 37 -1 13 -1 37 -1 40 -1 #SUP: 61
37 -1 37 -1 37 -1 37 -1 37 -1 40 -1 37 -1 #SUP: 60
13 -1 37 -1 13 -1 37 -1 37 -1 37 -1 37 -1 37 -1 #SUP: 62
37 -1 13 -1 13 -1 37 -1 37 -1 37 -1 37 -1 37 -1 #SUP: 62
13 -1 37 -1 13 -1 13 -1 37 -1 #SUP: 62
37 -1 37 -1 37 -1 37 -1 #SUP: 68
37 -1 38 -1 37 -1 #SUP: 66
38 -1 38 -1 37 -1 #SUP: 66
37 -1 38 -1 38 -1 37 -1 #SUP: 65
37 -1 37 -1 38 -1 38 -1 #SUP: 65
37 -1 37 -1 38 -1 37 -1 #SUP: 65
37 -1 38 -1 38 -1 37 -1 38 -1 #SUP: 63
37 -1 38 -1 37 -1 37 -1 38 -1 #SUP: 63
37 -1 37 -1 37 -1 37 -1 38 -1 37 -1 38 -1 #SUP: 63
38 -1 38 -1 38 -1 38 -1 #SUP: 63
38 -1 38 -1 37 -1 37 -1 38 -1 #SUP: 63
37 -1 37 -1 37 -1 38 -1 38 -1 37 -1 37 -1 38 -1 #SUP: 62
37 -1 37 -1 37 -1 37 -1 38 -1 38 -1 38 -1 38 -1 #SUP: 62
37 -1 37 -1 38 -1 38 -1 37 -1 38 -1 37 -1 38 -1 38 -1 #SUP: 60
37 -1 37 -1 37 -1 38 -1 38 -1 38 -1 37 -1 38 -1 38 -1 #SUP: 60
37 -1 37 -1 37 -1 37 -1 38 -1 38 -1 38 -1 38 -1 38 -1 #SUP: 60
38 -1 38 -1 37 -1 37 -1 38 -1 38 -1 38 -1 38 -1 38 -1 #SUP: 60
38 -1 38 -1 37 -1 37 -1 38 -1 37 -1 38 -1 38 -1 38 -1 #SUP: 60
38 -1 38 -1 37 -1 37 -1 37 -1 38 -1 37 -1 38 -1 38 -1 #SUP: 60
38 -1 38 -1 37 -1 37 -1 37 -1 37 -1 38 -1 38 -1 38 -1 38 -1 #SUP: 60
38 -1 37 -1 37 -1 37 -1 38 -1 38 -1 38 -1 38 -1 38 -1 #SUP: 60
37 -1 37 -1 38 -1 38 -1 37 -1 38 -1 37 -1 #SUP: 61
37 -1 37 -1 37 -1 38 -1 38 -1 38 -1 37 -1 38 -1 #SUP: 61
37 -1 37 -1 37 -1 38 -1 37 -1 38 -1 37 -1 #SUP: 61
37 -1 37 -1 38 -1 38 -1 13 -1 37 -1 37 -1 37 -1 #SUP: 61
37 -1 37 -1 37 -1 38 -1 38 -1 37 -1 37 -1 38 -1 38 -1 #SUP: 61
37 -1 37 -1 37 -1 37 -1 38 -1 37 -1 38 -1 38 -1 #SUP: 61
37 -1 37 -1 38 -1 38 -1 37 -1 37 -1 #SUP: 63
37 -1 37 -1 38 -1 38 -1 37 -1 37 -1 38 -1 37 -1 #SUP: 60
37 -1 37 -1 38 -1 38 -1 37 -1 37 -1 37 -1 37 -1 #SUP: 62
37 -1 38 -1 38 -1 37 -1 37 -1 37 -1 37 -1 37 -1 #SUP: 61
37 -1 38 -1 38 -1 37 -1 37 -1 37 -1 37 -1 37 -1 37 -1 37 -1 #SUP: 60
37 -1 37 -1 38 -1 38 -1 37 -1 37 -1 37 -1 37 -1 37 -1 37 -1 #SUP: 60
37 -1 38 -1 38 -1 13 -1 37 -1 #SUP: 63
37 -1 37 -1 38 -1 13 -1 37 -1 #SUP: 63
37 -1 37 -1 38 -1 38 -1 13 -1 37 -1 37 -1 #SUP: 62
37 -1 37 -1 38 -1 38 -1 13 -1 37 -1 37 -1 37 -1 37 -1 #SUP: 60
37 -1 38 -1 37 -1 40 -1 #SUP: 62
37 -1 38 -1 37 -1 40 -1 40 -1 #SUP: 60
37 -1 38 -1 37 -1 37 -1 38 -1 38 -1 #SUP: 62
38 -1 38 -1 37 -1 37 -1 37 -1 37 -1 37 -1 37 -1 38 -1 38 -1 #SUP: 62
37 -1 38 -1 37 -1 38 -1 37 -1 #SUP: 62
38 -1 38 -1 38 -1 37 -1 38 -1 #SUP: 62
38 -1 38 -1 37 -1 37 -1 38 -1 37 -1 #SUP: 62
37 -1 38 -1 37 -1 38 -1 37 -1 38 -1 #SUP: 61
38 -1 38 -1 37 -1 37 -1 37 -1 38 -1 37 -1 38 -1 #SUP: 61
38 -1 37 -1 38 -1 37 -1 38 -1 38 -1 #SUP: 61
37 -1 38 -1 37 -1 37 -1 #SUP: 65
38 -1 38 -1 37 -1 37 -1 37 -1 37 -1 37 -1 37 -1 #SUP: 65
37 -1 38 -1 37 -1 37 -1 38 -1 37 -1 #SUP: 61
37 -1 38 -1 37 -1 37 -1 38 -1 37 -1 38 -1 #SUP: 60
37 -1 37 -1 37 -1 37 -1 37 -1 37 -1 37 -1 38 -1 38 -1 #SUP: 62
37 -1 38 -1 37 -1 37 -1 40 -1 #SUP: 61
37 -1 38 -1 37 -1 37 -1 37 -1 37 -1 #SUP: 64
37 -1 38 -1 37 -1 37 -1 37 -1 37 -1 38 -1 38 -1 #SUP: 61
37 -1 38 -1 37 -1 37 -1 37 -1 37 -1 40 -1 #SUP: 60
38 -1 38 -1 37 -1 37 -1 37 -1 37 -1 37 -1 37 -1 37 -1 #SUP: 63
37 -1 38 -1 37 -1 37 -1 37 -1 37 -1 37 -1 #SUP: 63
37 -1 38 -1 37 -1 37 -1 37 -1 37 -1 37 -1 38 -1 38 -1 #SUP: 60
37 -1 38 -1 37 -1 37 -1 37 -1 37 -1 37 -1 37 -1 37 -1 #SUP: 62
38 -1 38 -1 37 -1 37 -1 37 -1 37 -1 37 -1 13 -1 37 -1 #SUP: 62
38 -1 38 -1 37 -1 37 -1 37 -1 13 -1 37 -1 37 -1 37 -1 #SUP: 62
38 -1 37 -1 37 -1 37 -1 13 -1 37 -1 37 -1 13 -1 37 -1 #SUP: 62
37 -1 38 -1 37 -1 37 -1 37 -1 37 -1 37 -1 37 -1 37 -1 37 -1 #SUP: 61
37 -1 38 -1 13 -1 37 -1 37 -1 37 -1 37 -1 37 -1 #SUP: 61
37 -1 38 -1 37 -1 37 -1 37 -1 37 -1 37 -1 37 -1 37 -1 37 -1 37 -1 #SUP: 60
37 -1 38 -1 37 -1 37 -1 37 -1 37 -1 13 -1 37 -1 37 -1 37 -1 #SUP: 60
37 -1 38 -1 37 -1 37 -1 37 -1 13 -1 37 -1 37 -1 37 -1 13 -1 37 -1 37 -1 #SUP: 60
37 -1 38 -1 37 -1 37 -1 37 -1 13 -1 37 -1 37 -1 13 -1 37 -1 13 -1 37 -1 #SUP: 60
37 -1 38 -1 37 -1 37 -1 13 -1 37 -1 37 -1 37 -1 13 -1 37 -1 13 -1 37 -1 #SUP: 60
37 -1 37 -1 13 -1 37 -1 37 -1 38 -1 37 -1 38 -1 #SUP: 61
37 -1 37 -1 13 -1 37 -1 37 -1 37 -1 38 -1 38 -1 #SUP: 61
37 -1 38 -1 37 -1 37 -1 13 -1 37 -1 37 -1 13 -1 37 -1 #SUP: 61
37 -1 38 -1 13 -1 37 -1 37 -1 #SUP: 64
37 -1 37 -1 13 -1 37 -1 37 -1 37 -1 #SUP: 64
38 -1 38 -1 13 -1 37 -1 37 -1 37 -1 #SUP: 64
37 -1 38 -1 13 -1 37 -1 37 -1 40 -1 #SUP: 60
37 -1 38 -1 13 -1 37 -1 37 -1 38 -1 37 -1 #SUP: 60
37 -1 38 -1 13 -1 37 -1 37 -1 37 -1 #SUP: 63
38 -1 40 -1 37 -1 #SUP: 60
38 -1 37 -1 37 -1 37 -1 37 -1 40 -1 #SUP: 61
37 -1 38 -1 13 -1 37 -1 37 -1 37 -1 37 -1 #SUP: 62
37 -1 38 -1 13 -1 37 -1 37 -1 37 -1 37 -1 37 -1 37 -1 37 -1 37 -1 #SUP: 60
37 -1 37 -1 37 -1 37 -1 37 -1 38 -1 38 -1 38 -1 38 -1 #SUP: 61
37 -1 37 -1 37 -1 37 -1 40 -1 #SUP: 64
37 -1 40 -1 40 -1 37 -1 #SUP: 62
37 -1 37 -1 37 -1 37 -1 40 -1 40 -1 #SUP: 62
37 -1 37 -1 40 -1 37 -1 #SUP: 63
37 -1 37 -1 40 -1 37 -1 37 -1 #SUP: 60
37 -1 37 -1 38 -1 38 -1 37 -1 #SUP: 64
37 -1 37 -1 40 -1 40 -1 37 -1 #SUP: 61
37 -1 37 -1 37 -1 37 -1 38 -1 37 -1 #SUP: 64
37 -1 37 -1 37 -1 37 -1 37 -1 37 -1 38 -1 38 -1 #SUP: 64
37 -1 13 -1 37 -1 37 -1 37 -1 37 -1 37 -1 #SUP: 63
37 -1 13 -1 13 -1 37 -1 37 -1 #SUP: 63
37 -1 37 -1 37 -1 38 -1 38 -1 37 -1 #SUP: 63
37 -1 37 -1 37 -1 38 -1 38 -1 37 -1 38 -1 37 -1 #SUP: 60
37 -1 37 -1 37 -1 38 -1 38 -1 13 -1 37 -1 37 -1 38 -1 #SUP: 60
37 -1 37 -1 13 -1 37 -1 38 -1 38 -1 13 -1 37 -1 #SUP: 60
37 -1 13 -1 37 -1 37 -1 38 -1 38 -1 13 -1 37 -1 38 -1 #SUP: 60
37 -1 37 -1 37 -1 37 -1 37 -1 13 -1 37 -1 38 -1 38 -1 #SUP: 61
37 -1 37 -1 37 -1 13 -1 37 -1 38 -1 37 -1 #SUP: 61
37 -1 37 -1 37 -1 13 -1 37 -1 37 -1 38 -1 38 -1 #SUP: 61
37 -1 37 -1 13 -1 37 -1 38 -1 13 -1 37 -1 #SUP: 61
37 -1 13 -1 37 -1 37 -1 38 -1 13 -1 37 -1 38 -1 #SUP: 61
37 -1 13 -1 37 -1 37 -1 13 -1 37 -1 38 -1 38 -1 #SUP: 61
37 -1 37 -1 37 -1 37 -1 40 -1 37 -1 #SUP: 61
37 -1 37 -1 37 -1 37 -1 38 -1 38 -1 38 -1 37 -1 38 -1 #SUP: 60
38 -1 38 -1 38 -1 38 -1 37 -1 37 -1 #SUP: 60
38 -1 38 -1 38 -1 37 -1 38 -1 37 -1 #SUP: 60
38 -1 38 -1 38 -1 37 -1 37 -1 38 -1 #SUP: 60
38 -1 38 -1 37 -1 37 -1 38 -1 37 -1 37 -1 #SUP: 60
37 -1 37 -1 37 -1 37 -1 38 -1 38 -1 37 -1 38 -1 #SUP: 61
37 -1 37 -1 37 -1 37 -1 38 -1 38 -1 37 -1 37 -1 #SUP: 61
37 -1 37 -1 37 -1 37 -1 37 -1 37 -1 37 -1 38 -1 37 -1 #SUP: 60
37 -1 37 -1 37 -1 37 -1 38 -1 38 -1 37 -1 38 -1 38 -1 #SUP: 60
37 -1 37 -1 37 -1 37 -1 38 -1 38 -1 37 -1 37 -1 38 -1 #SUP: 60
37 -1 37 -1 13 -1 37 -1 37 -1 38 -1 38 -1 37 -1 #SUP: 60
37 -1 37 -1 37 -1 37 -1 38 -1 13 -1 37 -1 38 -1 #SUP: 60
37 -1 37 -1 37 -1 13 -1 37 -1 38 -1 13 -1 37 -1 #SUP: 60
37 -1 37 -1 13 -1 37 -1 37 -1 38 -1 13 -1 37 -1 #SUP: 60
37 -1 37 -1 37 -1 37 -1 37 -1 37 -1 #SUP: 67
37 -1 37 -1 37 -1 37 -1 37 -1 38 -1 38 -1 37 -1 #SUP: 60
37 -1 37 -1 37 -1 37 -1 37 -1 38 -1 37 -1 #SUP: 62
38 -1 38 -1 13 -1 37 -1 37 -1 13 -1 37 -1 37 -1 37 -1 37 -1 #SUP: 61
37 -1 37 -1 37 -1 37 -1 37 -1 40 -1 #SUP: 63
37 -1 37 -1 37 -1 37 -1 37 -1 40 -1 40 -1 #SUP: 60
37 -1 37 -1 37 -1 37 -1 37 -1 37 -1 40 -1 #SUP: 61
37 -1 37 -1 37 -1 37 -1 37 -1 37 -1 37 -1 37 -1 #SUP: 64
37 -1 37 -1 37 -1 37 -1 37 -1 37 -1 37 -1 37 -1 37 -1 37 -1 #SUP: 62
37 -1 37 -1 37 -1 37 -1 37 -1 13 -1 37 -1 37 -1 37 -1 37 -1 #SUP: 62
37 -1 37 -1 37 -1 37 -1 13 -1 37 -1 37 -1 37 -1 37 -1 37 -1 #SUP: 62
37 -1 37 -1 37 -1 13 -1 37 -1 37 -1 13 -1 37 -1 37 -1 #SUP: 62
38 -1 38 -1 37 -1 37 -1 37 -1 37 -1 37 -1 37 -1 37 -1 37 -1 #SUP: 62
38 -1 38 -1 37 -1 37 -1 37 -1 13 -1 37 -1 37 -1 13 -1 37 -1 #SUP: 61
38 -1 38 -1 37 -1 37 -1 37 -1 37 -1 37 -1 37 -1 37 -1 37 -1 13 -1 37 -1 #SUP: 60
38 -1 38 -1 37 -1 37 -1 37 -1 37 -1 37 -1 37 -1 37 -1 13 -1 37 -1 37 -1 #SUP: 60
38 -1 37 -1 37 -1 37 -1 37 -1 37 -1 37 -1 37 -1 37 -1 37 -1 13 -1 37 -1 #SUP: 60
38 -1 37 -1 37 -1 37 -1 37 -1 37 -1 37 -1 37 -1 37 -1 13 -1 37 -1 37 -1 #SUP: 60
38 -1 37 -1 37 -1 37 -1 37 -1 37 -1 13 -1 37 -1 37 -1 13 -1 37 -1 #SUP: 60
38 -1 37 -1 37 -1 37 -1 13 -1 37 -1 37 -1 37 -1 37 -1 13 -1 37 -1 #SUP: 60
37 -1 37 -1 37 -1 13 -1 37 -1 37 -1 13 -1 37 -1 #SUP: 63
37 -1 37 -1 37 -1 37 -1 37 -1 13 -1 37 -1 37 -1 37 -1 37 -1 37 -1 #SUP: 61
37 -1 37 -1 37 -1 37 -1 37 -1 13 -1 37 -1 37 -1 37 -1 13 -1 37 -1 37 -1 #SUP: 60
38 -1 38 -1 37 -1 37 -1 37 -1 37 -1 38 -1 37 -1 #SUP: 60
38 -1 37 -1 37 -1 37 -1 37 -1 38 -1 37 -1 38 -1 #SUP: 60
37 -1 37 -1 37 -1 13 -1 37 -1 37 -1 38 -1 37 -1 #SUP: 60
37 -1 37 -1 13 -1 37 -1 38 -1 13 -1 37 -1 38 -1 #SUP: 60
37 -1 37 -1 13 -1 37 -1 37 -1 13 -1 37 -1 38 -1 38 -1 #SUP: 60
37 -1 37 -1 13 -1 37 -1 37 -1 37 -1 37 -1 #SUP: 63
38 -1 38 -1 13 -1 37 -1 37 -1 37 -1 37 -1 37 -1 #SUP: 63
37 -1 37 -1 13 -1 37 -1 37 -1 13 -1 37 -1 37 -1 37 -1 37 -1 37 -1 #SUP: 60
37 -1 37 -1 13 -1 37 -1 13 -1 37 -1 37 -1 37 -1 37 -1 37 -1 37 -1 37 -1 #SUP: 60
37 -1 13 -1 37 -1 40 -1 37 -1 #SUP: 60
37 -1 13 -1 37 -1 37 -1 37 -1 #SUP: 65
37 -1 13 -1 37 -1 37 -1 37 -1 40 -1 #SUP: 61
37 -1 13 -1 13 -1 37 -1 #SUP: 64
38 -1 38 -1 38 -1 13 -1 37 -1 38 -1 #SUP: 60
38 -1 38 -1 13 -1 37 -1 37 -1 38 -1 13 -1 37 -1 #SUP: 60
38 -1 13 -1 37 -1 38 -1 37 -1 37 -1 #SUP: 60
38 -1 38 -1 37 -1 40 -1 40 -1 #SUP: 60
38 -1 38 -1 37 -1 37 -1 37 -1 37 -1 40 -1 #SUP: 60
38 -1 38 -1 37 -1 37 -1 37 -1 37 -1 37 -1 37 -1 37 -1 37 -1 37 -1 #SUP: 61
38 -1 37 -1 37 -1 37 -1 37 -1 37 -1 37 -1 37 -1 37 -1 37 -1 37 -1 #SUP: 61
38 -1 38 -1 37 -1 37 -1 37 -1 13 -1 37 -1 37 -1 37 -1 13 -1 37 -1 37 -1 #SUP: 60
38 -1 38 -1 37 -1 37 -1 37 -1 13 -1 37 -1 37 -1 13 -1 37 -1 13 -1 37 -1 #SUP: 60
38 -1 38 -1 37 -1 37 -1 13 -1 37 -1 37 -1 37 -1 13 -1 37 -1 13 -1 37 -1 #SUP: 60
38 -1 38 -1 37 -1 37 -1 13 -1 37 -1 37 -1 37 -1 #SUP: 63
38 -1 38 -1 13 -1 37 -1 37 -1 13 -1 37 -1 #SUP: 63
38 -1 38 -1 37 -1 37 -1 13 -1 37 -1 37 -1 37 -1 37 -1 #SUP: 62
38 -1 38 -1 13 -1 37 -1 37 -1 13 -1 37 -1 37 -1 #SUP: 62
38 -1 37 -1 40 -1 #SUP: 63
38 -1 37 -1 40 -1 40 -1 #SUP: 61
38 -1 37 -1 38 -1 37 -1 38 -1 37 -1 38 -1 #SUP: 60
38 -1 37 -1 38 -1 37 -1 37 -1 38 -1 38 -1 #SUP: 60
38 -1 37 -1 38 -1 37 -1 #SUP: 63
38 -1 37 -1 38 -1 37 -1 37 -1 #SUP: 62
38 -1 37 -1 38 -1 37 -1 37 -1 37 -1 37 -1 #SUP: 61
38 -1 37 -1 38 -1 37 -1 37 -1 37 -1 37 -1 37 -1 #SUP: 60
38 -1 37 -1 38 -1 13 -1 37 -1 37 -1 #SUP: 61
38 -1 37 -1 38 -1 13 -1 37 -1 37 -1 37 -1 #SUP: 60
38 -1 37 -1 37 -1 40 -1 #SUP: 62
38 -1 37 -1 37 -1 40 -1 40 -1 #SUP: 60
39 -1 40 -1 #SUP: 61
38 -1 13 -1 37 -1 37 -1 40 -1 #SUP: 61
38 -1 13 -1 37 -1 37 -1 37 -1 40 -1 #SUP: 60
39 -1 40 -1 40 -1 #SUP: 60
39 -1 40 -1 37 -1 #SUP: 60
40 -1 #SUP: 65
40 -1 40 -1 37 -1 #SUP: 63
40 -1 40 -1 40 -1 40 -1 #SUP: 60
40 -1 40 -1 37 -1 37 -1 37 -1 #SUP: 60
40 -1 40 -1 13 -1 37 -1 #SUP: 61
40 -1 37 -1 #SUP: 64
40 -1 37 -1 37 -1 #SUP: 61
