37 -1 37 -1 13 -1 37 -1 37 -1 37 -1 37 -1 37 -1 37 -1 37 -1 37 -1 #SUP: 70
37 -1 13 -1 37 -1 37 -1 37 -1 37 -1 37 -1 37 -1 37 -1 37 -1 37 -1 #SUP: 70
37 -1 13 -1 37 -1 13 -1 37 -1 37 -1 37 -1 37 -1 37 -1 37 -1 37 -1 #SUP: 70
37 -1 38 -1 38 -1 #SUP: 69
37 -1 38 -1 37 -1 37 -1 13 -1 37 -1 37 -1 37 -1 37 -1 37 -1 37 -1 37 -1 #SUP: 69
37 -1 38 -1 37 -1 13 -1 37 -1 13 -1 37 -1 37 -1 37 -1 37 -1 37 -1 #SUP: 69
37 -1 38 -1 13 -1 37 -1 37 -1 37 -1 37 -1 37 -1 13 -1 37 -1 37 -1 37 -1 #SUP: 69
37 -1 38 -1 13 -1 37 -1 13 -1 37 -1 37 -1 37 -1 37 -1 37 -1 37 -1 37 -1 #SUP: 69
37 -1 38 -1 13 -1 37 -1 13 -1 37 -1 37 -1 37 -1 37 -1 13 -1 37 -1 #SUP: 69
37 -1 38 -1 13 -1 37 -1 13 -1 37 -1 37 -1 13 -1 37 -1 37 -1 37 -1 #SUP: 69
37 -1 37 -1 37 -1 37 -1 37 -1 37 -1 37 -1 37 -1 37 -1 37 -1 37 -1 37 -1 37 -1 37 -1 37 -1 #SUP: 69
37 -1 37 -1 37 -1 37 -1 37 -1 37 -1 13 -1 37 -1 37 -1 37 -1 37 -1 37 -1 37 -1 37 -1 #SUP: 69
37 -1 37 -1 37 -1 13 -1 37 -1 37 -1 37 -1 37 -1 37 -1 37 -1 37 -1 37 -1 37 -1 #SUP: 69
37 -1 37 -1 13 -1 37 -1 37 -1 13 -1 37 -1 37 -1 37 -1 37 -1 37 -1 37 -1 37 -1 #SUP: 69
37 -1 13 -1 37 -1 13 -1 37 -1 37 -1 37 -1 37 -1 13 -1 37 -1 37 -1 37 -1 #SUP: 69
38 -1 37 -1 13 -1 37 -1 13 -1 37 -1 37 -1 37 -1 37 -1 37 -1 37 -1 37 -1 #SUP: 69
38 -1 13 -1 37 -1 13 -1 37 -1 37 -1 37 -1 37 -1 13 -1 37 -1 37 -1 37 -1 #SUP: 69
37 -1 13 -1 37 -1 13 -1 37 -1 37 -1 37 -1 37 -1 37 -1 37 -1 37 -1 37 -1 #SUP: 69
