10 -1 #SUP: 37
37 -1 37 -1 37 -1 37 -1 #SUP: 40
37 -1 37 -1 13 -1 13 -1 37 -1 #SUP: 40
37 -1 13 -1 38 -1 #SUP: 38
37 -1 13 -1 38 -1 38 -1 #SUP: 37
38 -1 38 -1 37 -1 #SUP: 37
13 -1 13 -1 37 -1 38 -1 #SUP: 37
37 -1 37 -1 37 -1 37 -1 37 -1 37 -1 38 -1 #SUP: 37
37 -1 37 -1 13 -1 37 -1 38 -1 #SUP: 37
13 -1 13 -1 37 -1 38 -1 38 -1 #SUP: 36
37 -1 37 -1 37 -1 37 -1 37 -1 37 -1 38 -1 38 -1 #SUP: 36
37 -1 37 -1 13 -1 37 -1 38 -1 38 -1 #SUP: 36
38 -1 37 -1 38 -1 #SUP: 36
37 -1 13 -1 37 -1 13 -1 37 -1 37 -1 #SUP: 39
37 -1 13 -1 37 -1 13 -1 13 -1 37 -1 #SUP: 39
13 -1 37 -1 13 -1 37 -1 37 -1 37 -1 37 -1 38 -1 #SUP: 36
37 -1 37 -1 13 -1 37 -1 37 -1 37 -1 37 -1 38 -1 #SUP: 36
37 -1 13 -1 37 -1 37 -1 37 -1 37 -1 37 -1 38 -1 #SUP: 36
37 -1 37 -1 13 -1 13 -1 37 -1 37 -1 37 -1 37 -1 #SUP: 38
37 -1 37 -1 13 -1 13 -1 13 -1 37 -1 #SUP: 38
37 -1 13 -1 37 -1 13 -1 37 -1 37 -1 37 -1 37 -1 #SUP: 38
37 -1 37 -1 37 -1 13 -1 37 -1 37 -1 13 -1 37 -1 #SUP: 37
37 -1 37 -1 13 -1 37 -1 13 -1 37 -1 37 -1 37 -1 37 -1 37 -1 #SUP: 37
37 -1 37 -1 13 -1 37 -1 13 -1 37 -1 13 -1 37 -1 #SUP: 37
37 -1 37 -1 37 -1 37 -1 37 -1 13 -1 37 -1 37 -1 37 -1 37 -1 37 -1 37 -1 37 -1 #SUP: 36
37 -1 37 -1 37 -1 37 -1 13 -1 37 -1 13 -1 37 -1 37 -1 37 -1 37 -1 37 -1 37 -1 #SUP: 36
37 -1 37 -1 37 -1 13 -1 37 -1 13 -1 37 -1 13 -1 37 -1 37 -1 37 -1 #SUP: 36
37 -1 37 -1 13 -1 37 -1 37 -1 37 -1 37 -1 37 -1 13 -1 37 -1 #SUP: 36
37 -1 37 -1 13 -1 37 -1 13 -1 37 -1 37 -1 13 -1 37 -1 #SUP: 36
37 -1 13 -1 37 -1 13 -1 37 -1 37 -1 37 -1 37 -1 13 -1 37 -1 #SUP: 36
37 -1 13 -1 37 -1 13 -1 37 -1 13 -1 37 -1 #SUP: 38
37 -1 37 -1 13 -1 13 -1 13 -1 37 -1 37 -1 37 -1 #SUP: 37
37 -1 13 -1 37 -1 13 -1 13 -1 37 -1 37 -1 37 -1 #SUP: 37
37 -1 13 -1 37 -1 13 -1 13 -1 37 -1 37 -1 37 -1 37 -1 #SUP: 36
37 -1 13 -1 37 -1 13 -1 13 -1 13 -1 37 -1 37 -1 #SUP: 36
37 -1 38 -1 38 -1 37 -1 #SUP: 36
37 -1 37 -1 37 -1 10 -1 #SUP: 36
37 -1 37 -1 37 -1 37 -1 37 -1 37 -1 #SUP: 39
37 -1 37 -1 37 -1 37 -1 37 -1 37 -1 37 -1 37 -1 #SUP: 38
37 -1 37 -1 37 -1 37 -1 37 -1 13 -1 37 -1 #SUP: 38
37 -1 37 -1 37 -1 13 -1 13 -1 37 -1 #SUP: 38
37 -1 37 -1 37 -1 37 -1 37 -1 37 -1 37 -1 37 -1 38 -1 #SUP: 36
37 -1 37 -1 37 -1 37 -1 37 -1 37 -1 37 -1 13 -1 37 -1 #SUP: 37
37 -1 37 -1 37 -1 37 -1 37 -1 37 -1 37 -1 13 -1 13 -1 37 -1 #SUP: 36
37 -1 37 -1 37 -1 37 -1 13 -1 13 -1 37 -1 #SUP: 37
37 -1 37 -1 37 -1 13 -1 37 -1 #SUP: 39
37 -1 37 -1 13 -1 13 -1 37 -1 38 -1 #SUP: 36
38 -1 38 -1 13 -1 37 -1 #SUP: 36
