37 -1 38 -1 38 -1 37 -1 37 -1 37 -1 38 -1 38 -1 #SUP: 36
37 -1 10 -1 38 -1 38 -1 38 -1 38 -1 37 -1 #SUP: 36
37 -1 10 -1 38 -1 38 -1 37 -1 38 -1 38 -1 #SUP: 36
37 -1 10 -1 38 -1 38 -1 37 -1 37 -1 38 -1 #SUP: 36
37 -1 10 -1 38 -1 38 -1 37 -1 37 -1 37 -1 #SUP: 36
37 -1 10 -1 38 -1 37 -1 37 -1 37 -1 38 -1 38 -1 #SUP: 36
37 -1 37 -1 37 -1 37 -1 38 -1 38 -1 37 -1 37 -1 37 -1 #SUP: 36
37 -1 37 -1 37 -1 37 -1 10 -1 38 -1 37 -1 38 -1 #SUP: 36
37 -1 37 -1 37 -1 37 -1 37 -1 38 -1 38 -1 37 -1 #SUP: 36
37 -1 37 -1 37 -1 37 -1 37 -1 38 -1 37 -1 38 -1 #SUP: 36
37 -1 37 -1 37 -1 37 -1 37 -1 38 -1 37 -1 37 -1 37 -1 #SUP: 36
37 -1 37 -1 37 -1 37 -1 37 -1 37 -1 10 -1 38 -1 37 -1 #SUP: 36
37 -1 10 -1 38 -1 38 -1 38 -1 38 -1 38 -1 37 -1 37 -1 #SUP: 34
37 -1 10 -1 38 -1 38 -1 38 -1 38 -1 37 -1 38 -1 #SUP: 34
37 -1 10 -1 38 -1 38 -1 38 -1 38 -1 37 -1 37 -1 37 -1 #SUP: 34
37 -1 10 -1 38 -1 38 -1 38 -1 37 -1 38 -1 38 -1 #SUP: 34
37 -1 10 -1 38 -1 38 -1 38 -1 37 -1 37 -1 38 -1 #SUP: 34
37 -1 38 -1 38 -1 38 -1 38 -1 38 -1 38 -1 37 -1 37 -1 37 -1 #SUP: 35
37 -1 38 -1 38 -1 38 -1 38 -1 38 -1 37 -1 38 -1 #SUP: 35
37 -1 38 -1 38 -1 38 -1 38 -1 37 -1 38 -1 38 -1 #SUP: 35
37 -1 38 -1 38 -1 38 -1 38 -1 37 -1 37 -1 38 -1 #SUP: 35
37 -1 10 -1 38 -1 38 -1 38 -1 38 -1 37 -1 37 -1 #SUP: 35
37 -1 10 -1 38 -1 38 -1 38 -1 37 -1 38 -1 #SUP: 35
37 -1 10 -1 38 -1 38 -1 38 -1 37 -1 37 -1 37 -1 #SUP: 35
37 -1 37 -1 37 -1 37 -1 37 -1 38 -1 38 -1 37 -1 37 -1 37 -1 #SUP: 35
37 -1 37 -1 37 -1 37 -1 37 -1 10 -1 38 -1 37 -1 38 -1 #SUP: 35
37 -1 37 -1 37 -1 37 -1 37 -1 37 -1 38 -1 37 -1 37 -1 37 -1 #SUP: 35
37 -1 38 -1 38 -1 37 -1 37 -1 37 -1 37 -1 13 -1 37 -1 37 -1 37 -1 37 -1 #SUP: 34
37 -1 38 -1 38 -1 37 -1 13 -1 37 -1 38 -1 13 -1 37 -1 #SUP: 34
37 -1 38 -1 38 -1 13 -1 37 -1 37 -1 37 -1 38 -1 38 -1 13 -1 37 -1 #SUP: 34
37 -1 38 -1 38 -1 13 -1 37 -1 37 -1 37 -1 37 -1 38 -1 13 -1 37 -1 #SUP: 34
37 -1 38 -1 38 -1 13 -1 37 -1 13 -1 37 -1 38 -1 13 -1 #SUP: 34
37 -1 38 -1 37 -1 38 -1 37 -1 13 -1 13 -1 37 -1 #SUP: 34
37 -1 38 -1 37 -1 38 -1 13 -1 37 -1 38 -1 13 -1 37 -1 #SUP: 34
37 -1 38 -1 37 -1 38 -1 13 -1 37 -1 13 -1 13 -1 #SUP: 34
37 -1 38 -1 37 -1 37 -1 37 -1 37 -1 38 -1 38 -1 13 -1 37 -1 #SUP: 34
37 -1 38 -1 37 -1 37 -1 37 -1 37 -1 37 -1 38 -1 13 -1 37 -1 #SUP: 34
37 -1 38 -1 37 -1 37 -1 37 -1 37 -1 37 -1 13 -1 37 -1 37 -1 37 -1 #SUP: 34
37 -1 38 -1 37 -1 37 -1 37 -1 37 -1 37 -1 13 -1 13 -1 37 -1 37 -1 #SUP: 34
37 -1 38 -1 37 -1 37 -1 37 -1 37 -1 13 -1 37 -1 13 -1 37 -1 37 -1 #SUP: 34
37 -1 38 -1 37 -1 37 -1 37 -1 13 -1 37 -1 38 -1 13 -1 37 -1 #SUP: 34
37 -1 38 -1 37 -1 37 -1 37 -1 13 -1 37 -1 13 -1 37 -1 37 -1 37 -1 #SUP: 34
37 -1 38 -1 37 -1 37 -1 37 -1 13 -1 37 -1 13 -1 13 -1 37 -1 37 -1 #SUP: 34
37 -1 38 -1 13 -1 37 -1 38 -1 37 -1 38 -1 13 -1 37 -1 #SUP: 34
37 -1 38 -1 13 -1 37 -1 38 -1 37 -1 13 -1 37 -1 37 -1 37 -1 #SUP: 34
37 -1 38 -1 13 -1 37 -1 38 -1 13 -1 37 -1 37 -1 37 -1 37 -1 #SUP: 34
37 -1 38 -1 13 -1 37 -1 37 -1 37 -1 37 -1 13 -1 37 -1 37 -1 37 -1 37 -1 #SUP: 34
37 -1 38 -1 13 -1 37 -1 13 -1 37 -1 38 -1 13 -1 37 -1 #SUP: 34
37 -1 38 -1 13 -1 37 -1 13 -1 37 -1 13 -1 37 -1 37 -1 37 -1 #SUP: 34
37 -1 10 -1 38 -1 38 -1 37 -1 38 -1 38 -1 13 -1 37 -1 #SUP: 34
37 -1 10 -1 38 -1 38 -1 37 -1 37 -1 38 -1 13 -1 37 -1 #SUP: 34
37 -1 10 -1 38 -1 38 -1 37 -1 13 -1 37 -1 37 -1 37 -1 37 -1 #SUP: 34
37 -1 10 -1 38 -1 38 -1 13 -1 37 -1 37 -1 37 -1 37 -1 37 -1 37 -1 #SUP: 34
37 -1 10 -1 38 -1 37 -1 38 -1 37 -1 38 -1 13 -1 37 -1 #SUP: 34
37 -1 10 -1 38 -1 37 -1 38 -1 37 -1 13 -1 37 -1 37 -1 #SUP: 34
37 -1 10 -1 38 -1 37 -1 38 -1 13 -1 37 -1 37 -1 37 -1 #SUP: 34
37 -1 10 -1 38 -1 37 -1 37 -1 37 -1 38 -1 38 -1 13 -1 37 -1 #SUP: 34
37 -1 10 -1 38 -1 37 -1 37 -1 37 -1 37 -1 38 -1 13 -1 37 -1 #SUP: 34
37 -1 10 -1 38 -1 37 -1 37 -1 37 -1 37 -1 13 -1 37 -1 37 -1 37 -1 37 -1 #SUP: 34
37 -1 10 -1 38 -1 37 -1 13 -1 37 -1 38 -1 13 -1 37 -1 #SUP: 34
37 -1 10 -1 38 -1 13 -1 37 -1 38 -1 38 -1 13 -1 37 -1 #SUP: 34
37 -1 10 -1 38 -1 13 -1 37 -1 38 -1 37 -1 37 -1 37 -1 #SUP: 34
37 -1 10 -1 38 -1 13 -1 37 -1 38 -1 37 -1 13 -1 37 -1 #SUP: 34
37 -1 10 -1 38 -1 13 -1 37 -1 37 -1 37 -1 37 -1 13 -1 37 -1 #SUP: 34
37 -1 10 -1 38 -1 13 -1 37 -1 13 -1 37 -1 13 -1 #SUP: 34
37 -1 37 -1 38 -1 37 -1 38 -1 13 -1 37 -1 37 -1 37 -1 #SUP: 34
37 -1 37 -1 38 -1 13 -1 37 -1 38 -1 37 -1 37 -1 37 -1 #SUP: 34
37 -1 37 -1 37 -1 37 -1 38 -1 38 -1 13 -1 37 -1 37 -1 37 -1 #SUP: 34
37 -1 37 -1 37 -1 37 -1 10 -1 38 -1 13 -1 37 -1 38 -1 #SUP: 34
37 -1 37 -1 37 -1 37 -1 37 -1 38 -1 37 -1 13 -1 37 -1 37 -1 37 -1 #SUP: 34
37 -1 37 -1 37 -1 37 -1 37 -1 38 -1 37 -1 13 -1 13 -1 37 -1 #SUP: 34
37 -1 37 -1 37 -1 37 -1 37 -1 38 -1 13 -1 37 -1 38 -1 13 -1 37 -1 #SUP: 34
37 -1 37 -1 37 -1 37 -1 37 -1 38 -1 13 -1 37 -1 37 -1 37 -1 37 -1 #SUP: 34
37 -1 37 -1 37 -1 37 -1 37 -1 38 -1 13 -1 37 -1 13 -1 13 -1 #SUP: 34
37 -1 37 -1 37 -1 37 -1 37 -1 13 -1 37 -1 10 -1 38 -1 13 -1 37 -1 #SUP: 34
37 -1 37 -1 37 -1 37 -1 13 -1 37 -1 38 -1 13 -1 37 -1 37 -1 37 -1 #SUP: 34
37 -1 13 -1 38 -1 37 -1 38 -1 13 -1 37 -1 37 -1 37 -1 #SUP: 34
37 -1 13 -1 37 -1 13 -1 37 -1 10 -1 38 -1 13 -1 37 -1 #SUP: 34
37 -1 13 -1 13 -1 37 -1 38 -1 13 -1 37 -1 37 -1 37 -1 #SUP: 34
38 -1 38 -1 13 -1 37 -1 37 -1 37 -1 37 -1 13 -1 37 -1 37 -1 37 -1 37 -1 #SUP: 34
38 -1 38 -1 13 -1 37 -1 13 -1 37 -1 38 -1 13 -1 37 -1 #SUP: 34
38 -1 38 -1 13 -1 37 -1 13 -1 37 -1 13 -1 37 -1 37 -1 37 -1 #SUP: 34
38 -1 37 -1 38 -1 37 -1 13 -1 13 -1 37 -1 37 -1 37 -1 #SUP: 34
38 -1 37 -1 38 -1 13 -1 37 -1 13 -1 37 -1 37 -1 37 -1 #SUP: 34
38 -1 37 -1 38 -1 13 -1 37 -1 13 -1 13 -1 37 -1 37 -1 #SUP: 34
37 -1 38 -1 38 -1 38 -1 38 -1 38 -1 37 -1 38 -1 37 -1 #SUP: 34
37 -1 38 -1 38 -1 38 -1 38 -1 38 -1 37 -1 37 -1 37 -1 37 -1 #SUP: 34
37 -1 38 -1 38 -1 38 -1 38 -1 37 -1 38 -1 37 -1 38 -1 #SUP: 34
37 -1 38 -1 38 -1 38 -1 38 -1 37 -1 37 -1 38 -1 37 -1 #SUP: 34
37 -1 38 -1 38 -1 38 -1 38 -1 37 -1 37 -1 37 -1 37 -1 37 -1 37 -1 37 -1 #SUP: 34
37 -1 38 -1 38 -1 38 -1 37 -1 38 -1 38 -1 37 -1 37 -1 37 -1 #SUP: 34
37 -1 38 -1 38 -1 38 -1 37 -1 38 -1 37 -1 38 -1 37 -1 #SUP: 34
37 -1 38 -1 38 -1 38 -1 37 -1 37 -1 38 -1 37 -1 37 -1 37 -1 37 -1 #SUP: 34
37 -1 38 -1 38 -1 38 -1 37 -1 37 -1 37 -1 37 -1 37 -1 37 -1 37 -1 37 -1 #SUP: 34
37 -1 38 -1 38 -1 37 -1 37 -1 37 -1 38 -1 38 -1 37 -1 37 -1 37 -1 #SUP: 34
37 -1 38 -1 38 -1 37 -1 37 -1 37 -1 38 -1 37 -1 38 -1 37 -1 #SUP: 34
37 -1 38 -1 38 -1 37 -1 37 -1 37 -1 37 -1 38 -1 37 -1 37 -1 37 -1 37 -1 #SUP: 34
37 -1 38 -1 37 -1 38 -1 37 -1 38 -1 37 -1 37 -1 37 -1 #SUP: 34
37 -1 38 -1 37 -1 37 -1 37 -1 37 -1 38 -1 38 -1 37 -1 37 -1 37 -1 #SUP: 34
37 -1 38 -1 37 -1 37 -1 37 -1 37 -1 38 -1 37 -1 38 -1 37 -1 #SUP: 34
37 -1 38 -1 37 -1 37 -1 37 -1 37 -1 37 -1 38 -1 37 -1 37 -1 37 -1 #SUP: 34
37 -1 10 -1 38 -1 38 -1 38 -1 37 -1 38 -1 37 -1 37 -1 #SUP: 34
37 -1 10 -1 38 -1 38 -1 37 -1 38 -1 38 -1 37 -1 37 -1 #SUP: 34
37 -1 10 -1 38 -1 38 -1 37 -1 38 -1 37 -1 38 -1 37 -1 #SUP: 34
37 -1 10 -1 38 -1 38 -1 37 -1 37 -1 38 -1 37 -1 37 -1 37 -1 #SUP: 34
37 -1 10 -1 38 -1 37 -1 38 -1 37 -1 38 -1 37 -1 37 -1 #SUP: 34
37 -1 10 -1 38 -1 37 -1 37 -1 37 -1 38 -1 38 -1 37 -1 37 -1 #SUP: 34
37 -1 10 -1 38 -1 37 -1 37 -1 37 -1 38 -1 37 -1 38 -1 37 -1 #SUP: 34
37 -1 10 -1 38 -1 37 -1 37 -1 37 -1 37 -1 38 -1 37 -1 37 -1 37 -1 #SUP: 34
38 -1 38 -1 38 -1 38 -1 37 -1 38 -1 38 -1 37 -1 37 -1 37 -1 #SUP: 34
38 -1 38 -1 38 -1 38 -1 37 -1 38 -1 37 -1 38 -1 37 -1 #SUP: 34
38 -1 38 -1 38 -1 38 -1 37 -1 37 -1 38 -1 37 -1 37 -1 37 -1 37 -1 #SUP: 34
38 -1 38 -1 38 -1 38 -1 37 -1 37 -1 37 -1 37 -1 37 -1 37 -1 37 -1 37 -1 #SUP: 34
38 -1 38 -1 37 -1 38 -1 37 -1 38 -1 37 -1 37 -1 37 -1 #SUP: 34
38 -1 37 -1 37 -1 38 -1 37 -1 38 -1 37 -1 37 -1 37 -1 #SUP: 34
37 -1 38 -1 38 -1 37 -1 37 -1 37 -1 38 -1 38 -1 37 -1 #SUP: 35
37 -1 38 -1 38 -1 37 -1 37 -1 37 -1 37 -1 38 -1 37 -1 #SUP: 35
37 -1 38 -1 38 -1 37 -1 37 -1 37 -1 37 -1 37 -1 37 -1 37 -1 37 -1 #SUP: 35
37 -1 38 -1 37 -1 38 -1 37 -1 37 -1 37 -1 37 -1 #SUP: 35
37 -1 38 -1 37 -1 37 -1 37 -1 37 -1 38 -1 38 -1 37 -1 #SUP: 35
37 -1 38 -1 37 -1 37 -1 37 -1 37 -1 37 -1 38 -1 37 -1 #SUP: 35
37 -1 10 -1 38 -1 38 -1 37 -1 38 -1 38 -1 37 -1 #SUP: 35
37 -1 10 -1 38 -1 38 -1 37 -1 37 -1 38 -1 37 -1 #SUP: 35
37 -1 10 -1 38 -1 38 -1 37 -1 37 -1 37 -1 37 -1 37 -1 37 -1 37 -1 #SUP: 35
37 -1 10 -1 38 -1 37 -1 38 -1 37 -1 38 -1 37 -1 #SUP: 35
37 -1 10 -1 38 -1 37 -1 38 -1 37 -1 37 -1 37 -1 #SUP: 35
37 -1 10 -1 38 -1 37 -1 37 -1 37 -1 38 -1 38 -1 37 -1 #SUP: 35
37 -1 10 -1 38 -1 37 -1 37 -1 37 -1 37 -1 38 -1 37 -1 #SUP: 35
37 -1 10 -1 38 -1 37 -1 37 -1 37 -1 37 -1 37 -1 37 -1 37 -1 37 -1 #SUP: 35
37 -1 37 -1 38 -1 37 -1 38 -1 37 -1 37 -1 37 -1 #SUP: 35
37 -1 37 -1 37 -1 37 -1 37 -1 38 -1 37 -1 38 -1 37 -1 #SUP: 35
37 -1 37 -1 37 -1 37 -1 37 -1 38 -1 37 -1 37 -1 37 -1 37 -1 #SUP: 35
37 -1 10 -1 38 -1 38 -1 37 -1 37 -1 37 -1 38 -1 38 -1 #SUP: 35
37 -1 10 -1 38 -1 38 -1 37 -1 37 -1 37 -1 37 -1 38 -1 38 -1 37 -1 #SUP: 34
37 -1 10 -1 38 -1 38 -1 37 -1 37 -1 37 -1 37 -1 37 -1 38 -1 37 -1 #SUP: 34
37 -1 38 -1 38 -1 37 -1 37 -1 10 -1 38 -1 37 -1 #SUP: 34
37 -1 38 -1 37 -1 38 -1 37 -1 10 -1 38 -1 37 -1 #SUP: 34
37 -1 38 -1 37 -1 37 -1 37 -1 37 -1 38 -1 10 -1 38 -1 37 -1 #SUP: 34
37 -1 38 -1 37 -1 37 -1 37 -1 37 -1 37 -1 10 -1 38 -1 37 -1 #SUP: 34
37 -1 10 -1 38 -1 37 -1 37 -1 10 -1 38 -1 37 -1 #SUP: 34
37 -1 10 -1 10 -1 38 -1 37 -1 38 -1 38 -1 #SUP: 34
37 -1 37 -1 37 -1 37 -1 37 -1 38 -1 37 -1 10 -1 38 -1 37 -1 #SUP: 34
37 -1 37 -1 37 -1 37 -1 10 -1 38 -1 37 -1 38 -1 38 -1 38 -1 #SUP: 34
37 -1 37 -1 37 -1 37 -1 37 -1 13 -1 37 -1 38 -1 37 -1 37 -1 37 -1 #SUP: 34
37 -1 13 -1 37 -1 37 -1 10 -1 38 -1 37 -1 38 -1 #SUP: 34
37 -1 13 -1 37 -1 37 -1 37 -1 38 -1 38 -1 37 -1 37 -1 37 -1 #SUP: 34
37 -1 13 -1 37 -1 37 -1 37 -1 38 -1 37 -1 38 -1 #SUP: 34
37 -1 13 -1 37 -1 37 -1 37 -1 37 -1 38 -1 37 -1 37 -1 37 -1 #SUP: 34
37 -1 13 -1 37 -1 13 -1 37 -1 38 -1 37 -1 37 -1 37 -1 #SUP: 34
37 -1 10 -1 38 -1 37 -1 38 -1 37 -1 37 -1 37 -1 37 -1 #SUP: 34
37 -1 38 -1 38 -1 38 -1 38 -1 37 -1 37 -1 37 -1 38 -1 38 -1 #SUP: 34
37 -1 38 -1 37 -1 38 -1 37 -1 37 -1 37 -1 38 -1 38 -1 37 -1 #SUP: 34
37 -1 38 -1 37 -1 38 -1 37 -1 37 -1 37 -1 37 -1 38 -1 37 -1 #SUP: 34
37 -1 38 -1 37 -1 38 -1 37 -1 37 -1 37 -1 37 -1 37 -1 37 -1 37 -1 37 -1 37 -1 #SUP: 34
37 -1 38 -1 37 -1 37 -1 37 -1 37 -1 37 -1 38 -1 38 -1 37 -1 #SUP: 34
37 -1 38 -1 37 -1 37 -1 37 -1 37 -1 37 -1 37 -1 38 -1 37 -1 #SUP: 34
37 -1 10 -1 38 -1 37 -1 37 -1 37 -1 37 -1 37 -1 37 -1 37 -1 37 -1 37 -1 37 -1 #SUP: 34
37 -1 37 -1 38 -1 38 -1 37 -1 38 -1 38 -1 37 -1 #SUP: 34
37 -1 37 -1 38 -1 37 -1 38 -1 37 -1 38 -1 37 -1 #SUP: 34
37 -1 37 -1 37 -1 37 -1 38 -1 38 -1 37 -1 37 -1 38 -1 37 -1 #SUP: 34
37 -1 37 -1 37 -1 37 -1 38 -1 38 -1 37 -1 37 -1 37 -1 37 -1 37 -1 37 -1 37 -1 37 -1 #SUP: 34
37 -1 37 -1 37 -1 37 -1 38 -1 37 -1 38 -1 37 -1 38 -1 #SUP: 34
37 -1 37 -1 37 -1 37 -1 38 -1 37 -1 37 -1 37 -1 37 -1 37 -1 37 -1 37 -1 37 -1 37 -1 37 -1 #SUP: 34
37 -1 37 -1 37 -1 37 -1 37 -1 38 -1 37 -1 37 -1 37 -1 37 -1 38 -1 37 -1 #SUP: 34
37 -1 37 -1 37 -1 37 -1 37 -1 38 -1 37 -1 37 -1 37 -1 37 -1 37 -1 37 -1 37 -1 37 -1 37 -1 #SUP: 34
37 -1 37 -1 13 -1 37 -1 #SUP: 37
13 -1 37 -1 38 -1 37 -1 37 -1 #SUP: 36
13 -1 37 -1 13 -1 37 -1 13 -1 37 -1 #SUP: 36
37 -1 37 -1 37 -1 37 -1 37 -1 13 -1 37 -1 10 -1 38 -1 37 -1 #SUP: 35
37 -1 37 -1 37 -1 37 -1 37 -1 13 -1 37 -1 13 -1 13 -1 37 -1 37 -1 37 -1 #SUP: 35
37 -1 37 -1 37 -1 37 -1 13 -1 37 -1 38 -1 37 -1 37 -1 37 -1 #SUP: 35
37 -1 13 -1 38 -1 38 -1 37 -1 37 -1 37 -1 #SUP: 35
37 -1 13 -1 10 -1 38 -1 37 -1 38 -1 #SUP: 35
37 -1 13 -1 37 -1 38 -1 37 -1 38 -1 #SUP: 35
37 -1 13 -1 37 -1 37 -1 37 -1 38 -1 38 -1 37 -1 #SUP: 35
37 -1 13 -1 37 -1 37 -1 37 -1 37 -1 38 -1 37 -1 #SUP: 35
37 -1 13 -1 37 -1 37 -1 37 -1 37 -1 13 -1 37 -1 37 -1 37 -1 37 -1 #SUP: 35
37 -1 13 -1 37 -1 13 -1 37 -1 10 -1 38 -1 37 -1 #SUP: 35
37 -1 13 -1 37 -1 13 -1 37 -1 13 -1 37 -1 37 -1 37 -1 #SUP: 35
37 -1 13 -1 13 -1 37 -1 38 -1 37 -1 37 -1 37 -1 #SUP: 35
37 -1 37 -1 37 -1 37 -1 37 -1 37 -1 13 -1 37 -1 37 -1 37 -1 38 -1 37 -1 #SUP: 34
37 -1 37 -1 37 -1 37 -1 37 -1 37 -1 13 -1 37 -1 37 -1 13 -1 37 -1 37 -1 37 -1 37 -1 #SUP: 34
37 -1 37 -1 37 -1 37 -1 37 -1 37 -1 13 -1 37 -1 13 -1 37 -1 37 -1 37 -1 37 -1 37 -1 #SUP: 34
37 -1 37 -1 37 -1 37 -1 37 -1 13 -1 37 -1 37 -1 10 -1 38 -1 37 -1 #SUP: 34
37 -1 37 -1 37 -1 37 -1 37 -1 13 -1 37 -1 13 -1 37 -1 10 -1 #SUP: 34
37 -1 37 -1 37 -1 37 -1 37 -1 13 -1 37 -1 13 -1 37 -1 37 -1 38 -1 38 -1 37 -1 #SUP: 34
37 -1 37 -1 37 -1 37 -1 37 -1 13 -1 37 -1 13 -1 37 -1 37 -1 37 -1 38 -1 #SUP: 34
37 -1 37 -1 37 -1 37 -1 37 -1 13 -1 37 -1 13 -1 37 -1 13 -1 37 -1 37 -1 37 -1 37 -1 #SUP: 34
37 -1 37 -1 37 -1 37 -1 13 -1 38 -1 38 -1 37 -1 37 -1 #SUP: 34
37 -1 37 -1 37 -1 37 -1 13 -1 10 -1 38 -1 37 -1 38 -1 #SUP: 34
37 -1 37 -1 37 -1 37 -1 13 -1 37 -1 37 -1 37 -1 37 -1 13 -1 37 -1 37 -1 37 -1 37 -1 #SUP: 34
37 -1 37 -1 37 -1 37 -1 13 -1 37 -1 37 -1 37 -1 13 -1 37 -1 37 -1 37 -1 37 -1 37 -1 #SUP: 34
37 -1 37 -1 37 -1 37 -1 13 -1 37 -1 13 -1 37 -1 10 -1 38 -1 37 -1 #SUP: 34
37 -1 37 -1 37 -1 37 -1 13 -1 37 -1 13 -1 37 -1 37 -1 37 -1 38 -1 37 -1 #SUP: 34
37 -1 37 -1 37 -1 37 -1 13 -1 37 -1 13 -1 37 -1 37 -1 13 -1 37 -1 37 -1 37 -1 37 -1 #SUP: 34
37 -1 37 -1 37 -1 37 -1 13 -1 37 -1 13 -1 37 -1 13 -1 37 -1 37 -1 37 -1 37 -1 37 -1 #SUP: 34
37 -1 37 -1 37 -1 37 -1 13 -1 13 -1 37 -1 38 -1 37 -1 38 -1 #SUP: 34
37 -1 37 -1 37 -1 37 -1 13 -1 13 -1 37 -1 38 -1 37 -1 37 -1 37 -1 #SUP: 34
37 -1 37 -1 37 -1 37 -1 13 -1 13 -1 37 -1 37 -1 37 -1 13 -1 37 -1 37 -1 37 -1 #SUP: 34
37 -1 37 -1 37 -1 37 -1 13 -1 13 -1 37 -1 37 -1 13 -1 37 -1 37 -1 37 -1 37 -1 37 -1 37 -1 #SUP: 34
37 -1 13 -1 38 -1 38 -1 38 -1 38 -1 37 -1 #SUP: 34
37 -1 13 -1 38 -1 38 -1 37 -1 38 -1 38 -1 #SUP: 34
37 -1 13 -1 38 -1 38 -1 37 -1 37 -1 38 -1 #SUP: 34
37 -1 13 -1 10 -1 38 -1 38 -1 38 -1 38 -1 #SUP: 34
37 -1 13 -1 10 -1 38 -1 37 -1 38 -1 38 -1 #SUP: 34
37 -1 13 -1 37 -1 38 -1 38 -1 38 -1 37 -1 #SUP: 34
37 -1 13 -1 37 -1 38 -1 37 -1 38 -1 38 -1 #SUP: 34
37 -1 13 -1 37 -1 38 -1 37 -1 37 -1 38 -1 #SUP: 34
37 -1 13 -1 13 -1 37 -1 37 -1 37 -1 13 -1 37 -1 37 -1 37 -1 37 -1 37 -1 #SUP: 34
38 -1 38 -1 38 -1 38 -1 13 -1 37 -1 #SUP: 35
38 -1 38 -1 13 -1 37 -1 38 -1 13 -1 37 -1 #SUP: 35
38 -1 38 -1 13 -1 37 -1 13 -1 37 -1 13 -1 37 -1 #SUP: 35
38 -1 37 -1 38 -1 13 -1 37 -1 13 -1 37 -1 #SUP: 35
38 -1 13 -1 37 -1 38 -1 37 -1 13 -1 37 -1 #SUP: 35
38 -1 13 -1 37 -1 38 -1 13 -1 37 -1 37 -1 #SUP: 35
37 -1 38 -1 38 -1 38 -1 38 -1 38 -1 38 -1 38 -1 37 -1 37 -1 37 -1 #SUP: 34
37 -1 38 -1 38 -1 38 -1 38 -1 38 -1 38 -1 37 -1 38 -1 #SUP: 34
37 -1 38 -1 38 -1 38 -1 38 -1 37 -1 38 -1 38 -1 38 -1 #SUP: 34
37 -1 38 -1 38 -1 37 -1 37 -1 38 -1 38 -1 38 -1 38 -1 #SUP: 34
37 -1 38 -1 38 -1 37 -1 37 -1 37 -1 38 -1 38 -1 38 -1 #SUP: 34
37 -1 38 -1 37 -1 37 -1 37 -1 38 -1 38 -1 38 -1 38 -1 #SUP: 34
37 -1 37 -1 37 -1 37 -1 37 -1 37 -1 37 -1 38 -1 38 -1 38 -1 38 -1 37 -1 37 -1 #SUP: 34
37 -1 37 -1 37 -1 37 -1 37 -1 37 -1 37 -1 38 -1 38 -1 38 -1 37 -1 38 -1 #SUP: 34
37 -1 37 -1 37 -1 37 -1 37 -1 37 -1 37 -1 38 -1 38 -1 38 -1 37 -1 37 -1 37 -1 #SUP: 34
37 -1 37 -1 37 -1 37 -1 37 -1 37 -1 37 -1 38 -1 38 -1 37 -1 38 -1 38 -1 #SUP: 34
37 -1 37 -1 37 -1 37 -1 37 -1 37 -1 37 -1 38 -1 38 -1 37 -1 37 -1 38 -1 #SUP: 34
37 -1 37 -1 37 -1 37 -1 37 -1 37 -1 37 -1 10 -1 38 -1 38 -1 38 -1 38 -1 #SUP: 34
37 -1 37 -1 37 -1 37 -1 37 -1 37 -1 37 -1 10 -1 38 -1 37 -1 38 -1 38 -1 #SUP: 34
37 -1 37 -1 37 -1 37 -1 37 -1 37 -1 37 -1 37 -1 38 -1 38 -1 37 -1 37 -1 #SUP: 34
37 -1 37 -1 37 -1 37 -1 37 -1 37 -1 37 -1 37 -1 38 -1 37 -1 38 -1 #SUP: 34
37 -1 37 -1 37 -1 37 -1 37 -1 37 -1 37 -1 37 -1 37 -1 38 -1 37 -1 37 -1 37 -1 #SUP: 34
38 -1 13 -1 37 -1 38 -1 13 -1 37 -1 13 -1 37 -1 #SUP: 34
37 -1 37 -1 37 -1 37 -1 13 -1 10 -1 38 -1 37 -1 37 -1 37 -1 #SUP: 34
37 -1 13 -1 10 -1 38 -1 38 -1 37 -1 37 -1 37 -1 #SUP: 34
37 -1 13 -1 37 -1 37 -1 37 -1 37 -1 38 -1 38 -1 37 -1 #SUP: 34
37 -1 13 -1 37 -1 37 -1 37 -1 37 -1 13 -1 37 -1 10 -1 38 -1 37 -1 #SUP: 34
37 -1 13 -1 37 -1 37 -1 37 -1 13 -1 37 -1 13 -1 37 -1 37 -1 37 -1 #SUP: 34
37 -1 13 -1 37 -1 37 -1 13 -1 37 -1 13 -1 13 -1 37 -1 37 -1 #SUP: 34
37 -1 13 -1 37 -1 13 -1 37 -1 13 -1 13 -1 37 -1 37 -1 37 -1 #SUP: 34
37 -1 37 -1 37 -1 #SUP: 38
37 -1 38 -1 37 -1 37 -1 #SUP: 37
38 -1 38 -1 38 -1 38 -1 37 -1 #SUP: 37
38 -1 38 -1 37 -1 38 -1 #SUP: 37
38 -1 38 -1 37 -1 37 -1 37 -1 #SUP: 37
37 -1 38 -1 37 -1 38 -1 38 -1 38 -1 #SUP: 35
37 -1 37 -1 37 -1 37 -1 38 -1 38 -1 38 -1 38 -1 37 -1 #SUP: 35
37 -1 37 -1 37 -1 37 -1 38 -1 38 -1 37 -1 38 -1 38 -1 #SUP: 35
37 -1 37 -1 37 -1 37 -1 38 -1 38 -1 37 -1 37 -1 38 -1 #SUP: 35
37 -1 37 -1 37 -1 37 -1 10 -1 38 -1 38 -1 38 -1 38 -1 #SUP: 35
37 -1 37 -1 37 -1 37 -1 10 -1 38 -1 37 -1 38 -1 38 -1 #SUP: 35
37 -1 37 -1 37 -1 37 -1 37 -1 38 -1 38 -1 38 -1 37 -1 #SUP: 35
37 -1 37 -1 37 -1 37 -1 37 -1 38 -1 37 -1 37 -1 37 -1 38 -1 38 -1 #SUP: 35
37 -1 37 -1 37 -1 37 -1 37 -1 37 -1 37 -1 10 -1 38 -1 37 -1 #SUP: 35
37 -1 37 -1 37 -1 37 -1 37 -1 37 -1 37 -1 37 -1 38 -1 38 -1 37 -1 #SUP: 35
37 -1 37 -1 37 -1 37 -1 37 -1 37 -1 37 -1 37 -1 37 -1 38 -1 37 -1 #SUP: 35
37 -1 37 -1 37 -1 37 -1 38 -1 38 -1 37 -1 37 -1 37 -1 38 -1 38 -1 #SUP: 34
37 -1 37 -1 37 -1 37 -1 10 -1 38 -1 38 -1 37 -1 37 -1 37 -1 #SUP: 35
37 -1 37 -1 37 -1 37 -1 37 -1 37 -1 37 -1 37 -1 37 -1 38 -1 38 -1 37 -1 #SUP: 34
37 -1 37 -1 37 -1 37 -1 37 -1 37 -1 37 -1 37 -1 37 -1 10 -1 38 -1 37 -1 #SUP: 34
37 -1 37 -1 37 -1 37 -1 37 -1 37 -1 37 -1 37 -1 37 -1 37 -1 37 -1 37 -1 38 -1 38 -1 #SUP: 34
37 -1 37 -1 37 -1 37 -1 10 -1 38 -1 38 -1 38 -1 38 -1 37 -1 #SUP: 34
37 -1 37 -1 37 -1 37 -1 10 -1 38 -1 38 -1 37 -1 38 -1 38 -1 #SUP: 34
37 -1 37 -1 37 -1 37 -1 10 -1 38 -1 38 -1 37 -1 37 -1 38 -1 #SUP: 34
37 -1 37 -1 37 -1 37 -1 10 -1 38 -1 37 -1 37 -1 37 -1 38 -1 38 -1 #SUP: 34
37 -1 37 -1 37 -1 37 -1 10 -1 38 -1 37 -1 38 -1 37 -1 37 -1 37 -1 #SUP: 34
37 -1 37 -1 37 -1 37 -1 37 -1 37 -1 37 -1 37 -1 37 -1 #SUP: 37
37 -1 37 -1 37 -1 37 -1 37 -1 10 -1 38 -1 38 -1 37 -1 37 -1 37 -1 #SUP: 34
37 -1 37 -1 37 -1 37 -1 37 -1 37 -1 10 -1 38 -1 37 -1 37 -1 37 -1 #SUP: 34
37 -1 37 -1 37 -1 37 -1 37 -1 37 -1 37 -1 37 -1 37 -1 37 -1 37 -1 37 -1 #SUP: 36
38 -1 38 -1 38 -1 38 -1 38 -1 38 -1 37 -1 37 -1 #SUP: 36
38 -1 38 -1 38 -1 38 -1 38 -1 37 -1 38 -1 #SUP: 36
38 -1 38 -1 38 -1 38 -1 38 -1 37 -1 37 -1 37 -1 #SUP: 36
37 -1 37 -1 37 -1 37 -1 37 -1 37 -1 37 -1 37 -1 37 -1 37 -1 37 -1 37 -1 37 -1 37 -1 #SUP: 35
38 -1 38 -1 38 -1 38 -1 38 -1 37 -1 38 -1 37 -1 #SUP: 35
38 -1 38 -1 38 -1 38 -1 37 -1 38 -1 37 -1 37 -1 #SUP: 35
37 -1 37 -1 37 -1 37 -1 37 -1 37 -1 37 -1 37 -1 37 -1 37 -1 37 -1 37 -1 37 -1 37 -1 37 -1 #SUP: 34
37 -1 37 -1 37 -1 37 -1 37 -1 37 -1 37 -1 37 -1 37 -1 13 -1 37 -1 #SUP: 34
38 -1 38 -1 38 -1 38 -1 38 -1 38 -1 13 -1 37 -1 37 -1 #SUP: 34
38 -1 38 -1 38 -1 38 -1 38 -1 37 -1 38 -1 13 -1 37 -1 #SUP: 34
38 -1 38 -1 38 -1 38 -1 38 -1 37 -1 13 -1 37 -1 37 -1 #SUP: 34
38 -1 38 -1 38 -1 38 -1 38 -1 13 -1 37 -1 37 -1 37 -1 #SUP: 34
38 -1 38 -1 38 -1 38 -1 37 -1 38 -1 37 -1 13 -1 37 -1 #SUP: 34
38 -1 38 -1 38 -1 38 -1 37 -1 38 -1 13 -1 37 -1 37 -1 #SUP: 34
38 -1 38 -1 13 -1 37 -1 38 -1 37 -1 13 -1 37 -1 #SUP: 34
38 -1 38 -1 13 -1 37 -1 38 -1 13 -1 37 -1 37 -1 #SUP: 34
37 -1 37 -1 37 -1 37 -1 37 -1 37 -1 37 -1 37 -1 13 -1 37 -1 #SUP: 35
37 -1 37 -1 37 -1 37 -1 37 -1 37 -1 13 -1 37 -1 #SUP: 36
38 -1 38 -1 38 -1 38 -1 38 -1 37 -1 38 -1 37 -1 37 -1 #SUP: 34
38 -1 38 -1 37 -1 38 -1 37 -1 #SUP: 36
38 -1 37 -1 38 -1 37 -1 37 -1 #SUP: 36
