10 -1 #SUP: 52
13 -1 37 -1 37 -1 37 -1 #SUP: 54
37 -1 37 -1 13 -1 37 -1 13 -1 37 -1 #SUP: 54
13 -1 37 -1 37 -1 37 -1 38 -1 #SUP: 52
13 -1 13 -1 37 -1 37 -1 38 -1 #SUP: 52
37 -1 37 -1 13 -1 13 -1 37 -1 38 -1 #SUP: 52
13 -1 13 -1 37 -1 37 -1 37 -1 37 -1 #SUP: 52
13 -1 37 -1 13 -1 37 -1 37 -1 #SUP: 53
37 -1 37 -1 13 -1 13 -1 37 -1 37 -1 #SUP: 53
37 -1 37 -1 37 -1 #SUP: 58
37 -1 38 -1 #SUP: 56
38 -1 38 -1 #SUP: 56
37 -1 38 -1 38 -1 38 -1 #SUP: 54
37 -1 37 -1 37 -1 38 -1 38 -1 #SUP: 54
37 -1 37 -1 37 -1 38 -1 38 -1 38 -1 38 -1 #SUP: 53
37 -1 38 -1 38 -1 37 -1 38 -1 #SUP: 52
37 -1 37 -1 38 -1 38 -1 37 -1 #SUP: 52
37 -1 38 -1 37 -1 #SUP: 54
38 -1 38 -1 37 -1 #SUP: 54
38 -1 37 -1 38 -1 #SUP: 54
37 -1 38 -1 37 -1 37 -1 #SUP: 52
37 -1 37 -1 37 -1 13 -1 13 -1 37 -1 #SUP: 52
38 -1 38 -1 37 -1 37 -1 #SUP: 52
38 -1 37 -1 38 -1 37 -1 #SUP: 52
37 -1 37 -1 37 -1 38 -1 #SUP: 55
38 -1 38 -1 38 -1 #SUP: 55
37 -1 37 -1 38 -1 37 -1 #SUP: 53
38 -1 38 -1 37 -1 38 -1 #SUP: 53
37 -1 37 -1 37 -1 38 -1 37 -1 #SUP: 52
37 -1 37 -1 37 -1 37 -1 #SUP: 57
37 -1 37 -1 37 -1 37 -1 37 -1 37 -1 38 -1 #SUP: 53
37 -1 37 -1 37 -1 37 -1 37 -1 37 -1 38 -1 38 -1 #SUP: 52
37 -1 37 -1 37 -1 37 -1 37 -1 37 -1 #SUP: 56
37 -1 37 -1 37 -1 37 -1 37 -1 37 -1 37 -1 #SUP: 55
37 -1 37 -1 37 -1 37 -1 37 -1 37 -1 37 -1 38 -1 #SUP: 52
37 -1 37 -1 37 -1 37 -1 37 -1 37 -1 37 -1 37 -1 #SUP: 54
37 -1 37 -1 37 -1 37 -1 37 -1 37 -1 37 -1 37 -1 37 -1 #SUP: 52
37 -1 37 -1 37 -1 13 -1 37 -1 37 -1 #SUP: 53
37 -1 37 -1 13 -1 37 -1 37 -1 37 -1 #SUP: 53
37 -1 37 -1 37 -1 13 -1 37 -1 37 -1 37 -1 #SUP: 52
37 -1 37 -1 13 -1 37 -1 13 -1 37 -1 37 -1 #SUP: 52
38 -1 38 -1 38 -1 38 -1 38 -1 #SUP: 52
38 -1 38 -1 38 -1 37 -1 #SUP: 52
