19 -1 22 -1 22 -1 #SUP: 17
19 -1 22 -1 19 -1 19 -1 #SUP: 17
19 -1 22 -1 21 -1 19 -1 #SUP: 17
19 -1 3 -1 22 -1 #SUP: 17
21 -1 19 -1 22 -1 #SUP: 17
19 -1 22 -1 19 -1 22 -1 22 -1 #SUP: 15
19 -1 3 -1 22 -1 22 -1 #SUP: 15
19 -1 19 -1 19 -1 22 -1 22 -1 #SUP: 15
37 -1 38 -1 13 -1 #SUP: 18
37 -1 37 -1 13 -1 38 -1 #SUP: 15
37 -1 13 -1 38 -1 37 -1 #SUP: 15
37 -1 38 -1 13 -1 37 -1 #SUP: 17
37 -1 38 -1 13 -1 37 -1 37 -1 #SUP: 15
37 -1 37 -1 37 -1 38 -1 13 -1 #SUP: 15
19 -1 19 -1 19 -1 19 -1 #SUP: 18
19 -1 19 -1 21 -1 19 -1 #SUP: 18
19 -1 22 -1 22 -1 22 -1 #SUP: 16
19 -1 22 -1 21 -1 19 -1 22 -1 #SUP: 16
19 -1 19 -1 22 -1 22 -1 #SUP: 16
19 -1 19 -1 3 -1 22 -1 #SUP: 16
19 -1 19 -1 21 -1 19 -1 22 -1 #SUP: 16
22 -1 19 -1 22 -1 22 -1 #SUP: 16
19 -1 22 -1 22 -1 19 -1 #SUP: 15
19 -1 22 -1 3 -1 22 -1 #SUP: 16
22 -1 19 -1 19 -1 19 -1 19 -1 #SUP: 16
22 -1 19 -1 21 -1 19 -1 #SUP: 16
19 -1 22 -1 19 -1 3 -1 22 -1 #SUP: 15
22 -1 19 -1 19 -1 22 -1 22 -1 #SUP: 15
22 -1 19 -1 19 -1 19 -1 3 -1 22 -1 #SUP: 15
22 -1 19 -1 21 -1 19 -1 22 -1 #SUP: 15
19 -1 22 -1 19 -1 19 -1 19 -1 19 -1 #SUP: 15
19 -1 22 -1 21 -1 19 -1 19 -1 #SUP: 16
19 -1 19 -1 19 -1 19 -1 19 -1 #SUP: 16
19 -1 19 -1 21 -1 19 -1 19 -1 #SUP: 17
22 -1 19 -1 19 -1 21 -1 19 -1 #SUP: 15
22 -1 19 -1 21 -1 19 -1 19 -1 #SUP: 15
37 -1 38 -1 37 -1 #SUP: 20
37 -1 37 -1 37 -1 #SUP: 20
37 -1 38 -1 37 -1 38 -1 37 -1 37 -1 #SUP: 16
37 -1 37 -1 38 -1 37 -1 38 -1 #SUP: 16
37 -1 38 -1 37 -1 37 -1 37 -1 #SUP: 18
37 -1 38 -1 37 -1 37 -1 37 -1 37 -1 #SUP: 17
37 -1 37 -1 38 -1 37 -1 #SUP: 19
37 -1 37 -1 37 -1 38 -1 37 -1 37 -1 #SUP: 17
37 -1 37 -1 38 -1 13 -1 #SUP: 17
37 -1 37 -1 38 -1 13 -1 37 -1 #SUP: 16
37 -1 37 -1 37 -1 38 -1 37 -1 #SUP: 18
37 -1 37 -1 37 -1 37 -1 37 -1 #SUP: 19
37 -1 37 -1 37 -1 37 -1 38 -1 #SUP: 15
37 -1 37 -1 37 -1 37 -1 37 -1 37 -1 #SUP: 15
38 -1 37 -1 38 -1 37 -1 37 -1 #SUP: 17
54 -1 37 -1 #SUP: 16
