13 -1 10 -1 37 -1 #SUP: 40
13 -1 37 -1 37 -1 38 -1 38 -1 37 -1 #SUP: 40
37 -1 37 -1 10 -1 37 -1 37 -1 #SUP: 40
37 -1 37 -1 37 -1 38 -1 37 -1 38 -1 37 -1 #SUP: 40
37 -1 37 -1 37 -1 38 -1 37 -1 37 -1 37 -1 #SUP: 40
37 -1 37 -1 37 -1 37 -1 37 -1 38 -1 37 -1 38 -1 #SUP: 40
37 -1 37 -1 37 -1 13 -1 37 -1 38 -1 37 -1 #SUP: 40
37 -1 37 -1 37 -1 13 -1 37 -1 37 -1 37 -1 #SUP: 40
37 -1 37 -1 13 -1 37 -1 37 -1 38 -1 37 -1 38 -1 #SUP: 40
37 -1 37 -1 13 -1 37 -1 13 -1 37 -1 38 -1 #SUP: 40
38 -1 37 -1 38 -1 37 -1 37 -1 #SUP: 40
