19 -1 #SUP: 229
19 -1 19 -1 #SUP: 228
19 -1 19 -1 19 -1 #SUP: 226
19 -1 19 -1 19 -1 19 -1 #SUP: 225
19 -1 19 -1 19 -1 19 -1 19 -1 #SUP: 217
19 -1 19 -1 19 -1 19 -1 19 -1 19 -1 #SUP: 215
19 -1 19 -1 19 -1 19 -1 19 -1 19 -1 19 -1 #SUP: 211
19 -1 19 -1 19 -1 19 -1 19 -1 19 -1 19 -1 19 -1 #SUP: 210
19 -1 19 -1 19 -1 19 -1 19 -1 19 -1 19 -1 19 -1 19 -1 19 -1 #SUP: 208
19 -1 19 -1 19 -1 19 -1 19 -1 21 -1 19 -1 #SUP: 208
19 -1 19 -1 19 -1 19 -1 21 -1 19 -1 #SUP: 213
19 -1 19 -1 19 -1 19 -1 21 -1 19 -1 19 -1 #SUP: 211
19 -1 19 -1 19 -1 19 -1 21 -1 19 -1 19 -1 19 -1 #SUP: 209
19 -1 19 -1 19 -1 21 -1 19 -1 #SUP: 218
19 -1 19 -1 19 -1 21 -1 19 -1 19 -1 #SUP: 213
19 -1 19 -1 19 -1 21 -1 19 -1 19 -1 19 -1 #SUP: 211
19 -1 19 -1 19 -1 21 -1 19 -1 21 -1 19 -1 #SUP: 209
19 -1 19 -1 21 -1 19 -1 #SUP: 221
19 -1 19 -1 21 -1 19 -1 19 -1 #SUP: 218
19 -1 19 -1 21 -1 19 -1 19 -1 19 -1 #SUP: 215
19 -1 19 -1 21 -1 19 -1 19 -1 19 -1 19 -1 #SUP: 209
19 -1 19 -1 21 -1 19 -1 19 -1 21 -1 19 -1 #SUP: 208
19 -1 19 -1 21 -1 19 -1 21 -1 19 -1 #SUP: 214
19 -1 19 -1 21 -1 19 -1 21 -1 19 -1 19 -1 #SUP: 212
19 -1 19 -1 21 -1 21 -1 19 -1 19 -1 19 -1 #SUP: 208
19 -1 21 -1 19 -1 #SUP: 225
19 -1 21 -1 19 -1 19 -1 #SUP: 223
19 -1 21 -1 19 -1 19 -1 19 -1 #SUP: 220
19 -1 21 -1 19 -1 19 -1 19 -1 19 -1 #SUP: 214
19 -1 21 -1 19 -1 19 -1 19 -1 19 -1 19 -1 #SUP: 209
19 -1 21 -1 19 -1 19 -1 19 -1 19 -1 19 -1 19 -1 #SUP: 208
21 -1 19 -1 19 -1 19 -1 19 -1 19 -1 19 -1 19 -1 #SUP: 208
19 -1 21 -1 19 -1 19 -1 21 -1 19 -1 #SUP: 211
19 -1 21 -1 19 -1 21 -1 19 -1 #SUP: 217
19 -1 21 -1 19 -1 21 -1 19 -1 19 -1 #SUP: 214
19 -1 21 -1 19 -1 21 -1 19 -1 19 -1 19 -1 #SUP: 211
21 -1 #SUP: 229
21 -1 19 -1 #SUP: 228
21 -1 19 -1 19 -1 #SUP: 226
21 -1 19 -1 19 -1 19 -1 #SUP: 222
21 -1 19 -1 19 -1 19 -1 19 -1 #SUP: 218
21 -1 19 -1 19 -1 19 -1 19 -1 19 -1 #SUP: 211
21 -1 19 -1 19 -1 19 -1 19 -1 19 -1 19 -1 #SUP: 209
21 -1 19 -1 19 -1 19 -1 21 -1 19 -1 #SUP: 210
21 -1 19 -1 19 -1 21 -1 19 -1 #SUP: 213
21 -1 19 -1 19 -1 21 -1 19 -1 19 -1 #SUP: 209
21 -1 19 -1 21 -1 19 -1 #SUP: 220
21 -1 19 -1 21 -1 19 -1 19 -1 #SUP: 218
21 -1 19 -1 21 -1 19 -1 19 -1 19 -1 #SUP: 215
21 -1 19 -1 21 -1 19 -1 19 -1 19 -1 19 -1 #SUP: 210
21 -1 19 -1 21 -1 19 -1 21 -1 19 -1 #SUP: 211
21 -1 21 -1 19 -1 19 -1 19 -1 19 -1 #SUP: 211
21 -1 21 -1 19 -1 21 -1 19 -1 19 -1 #SUP: 208
