15 -1 50 -1 50 -1 50 -1 50 -1 #SUP: 9
50 -1 15 -1 #SUP: 9
50 -1 35 -1 50 -1 35 -1 50 -1 50 -1 50 -1 50 -1 50 -1 50 -1 50 -1 50 -1 #SUP: 9
50 -1 50 -1 35 -1 50 -1 50 -1 35 -1 50 -1 50 -1 50 -1 50 -1 50 -1 50 -1 #SUP: 9
17 -1 50 -1 #SUP: 9
50 -1 17 -1 #SUP: 9
35 -1 50 -1 35 -1 50 -1 50 -1 50 -1 #SUP: 11
35 -1 50 -1 50 -1 35 -1 50 -1 50 -1 #SUP: 11
50 -1 35 -1 50 -1 35 -1 50 -1 50 -1 #SUP: 11
50 -1 50 -1 50 -1 50 -1 63 -1 63 -1 35 -1 50 -1 #SUP: 9
50 -1 50 -1 50 -1 50 -1 35 -1 50 -1 50 -1 50 -1 50 -1 63 -1 63 -1 50 -1 #SUP: 9
50 -1 50 -1 50 -1 50 -1 50 -1 50 -1 50 -1 50 -1 50 -1 63 -1 63 -1 50 -1 #SUP: 9
35 -1 50 -1 35 -1 50 -1 35 -1 50 -1 50 -1 #SUP: 9
50 -1 35 -1 50 -1 50 -1 50 -1 50 -1 50 -1 50 -1 50 -1 50 -1 50 -1 #SUP: 10
50 -1 50 -1 35 -1 50 -1 50 -1 35 -1 50 -1 50 -1 50 -1 50 -1 50 -1 #SUP: 10
50 -1 50 -1 35 -1 50 -1 50 -1 50 -1 50 -1 50 -1 50 -1 50 -1 50 -1 #SUP: 10
50 -1 50 -1 50 -1 35 -1 50 -1 35 -1 50 -1 50 -1 50 -1 50 -1 #SUP: 10
50 -1 50 -1 50 -1 50 -1 35 -1 50 -1 50 -1 50 -1 50 -1 50 -1 50 -1 #SUP: 10
50 -1 35 -1 50 -1 50 -1 50 -1 35 -1 50 -1 50 -1 50 -1 50 -1 50 -1 #SUP: 9
50 -1 35 -1 50 -1 50 -1 50 -1 50 -1 50 -1 35 -1 50 -1 50 -1 50 -1 50 -1 #SUP: 9
50 -1 35 -1 50 -1 50 -1 50 -1 50 -1 50 -1 50 -1 35 -1 50 -1 50 -1 50 -1 #SUP: 9
50 -1 50 -1 35 -1 50 -1 50 -1 50 -1 50 -1 35 -1 50 -1 50 -1 50 -1 50 -1 #SUP: 9
50 -1 50 -1 35 -1 50 -1 50 -1 50 -1 50 -1 50 -1 35 -1 50 -1 50 -1 50 -1 #SUP: 9
50 -1 50 -1 35 -1 50 -1 50 -1 50 -1 50 -1 50 -1 50 -1 35 -1 50 -1 50 -1 #SUP: 9
50 -1 50 -1 50 -1 35 -1 50 -1 50 -1 50 -1 50 -1 50 -1 35 -1 50 -1 #SUP: 9
50 -1 50 -1 50 -1 50 -1 35 -1 50 -1 50 -1 35 -1 50 -1 50 -1 50 -1 50 -1 #SUP: 9
50 -1 50 -1 50 -1 50 -1 35 -1 50 -1 50 -1 50 -1 35 -1 50 -1 50 -1 50 -1 #SUP: 9
50 -1 50 -1 50 -1 50 -1 35 -1 50 -1 50 -1 50 -1 50 -1 35 -1 50 -1 50 -1 #SUP: 9
50 -1 50 -1 50 -1 50 -1 50 -1 35 -1 50 -1 50 -1 50 -1 35 -1 50 -1 #SUP: 9
50 -1 50 -1 50 -1 50 -1 50 -1 50 -1 35 -1 50 -1 35 -1 50 -1 50 -1 50 -1 #SUP: 9
50 -1 50 -1 50 -1 50 -1 50 -1 50 -1 35 -1 50 -1 50 -1 35 -1 50 -1 50 -1 #SUP: 9
50 -1 50 -1 50 -1 50 -1 50 -1 50 -1 50 -1 35 -1 50 -1 35 -1 50 -1 50 -1 #SUP: 9
50 -1 50 -1 50 -1 50 -1 50 -1 50 -1 50 -1 35 -1 50 -1 50 -1 35 -1 50 -1 #SUP: 9
50 -1 50 -1 50 -1 35 -1 50 -1 35 -1 50 -1 50 -1 50 -1 50 -1 50 -1 #SUP: 9
50 -1 50 -1 50 -1 50 -1 35 -1 50 -1 50 -1 50 -1 50 -1 50 -1 50 -1 50 -1 50 -1 50 -1 50 -1 50 -1 #SUP: 9
50 -1 36 -1 50 -1 50 -1 50 -1 50 -1 #SUP: 9
50 -1 50 -1 50 -1 50 -1 #SUP: 13
50 -1 50 -1 50 -1 50 -1 50 -1 50 -1 50 -1 50 -1 50 -1 50 -1 #SUP: 11
50 -1 50 -1 50 -1 50 -1 50 -1 50 -1 50 -1 50 -1 50 -1 50 -1 50 -1 50 -1 50 -1 50 -1 50 -1 50 -1 50 -1 #SUP: 10
50 -1 50 -1 50 -1 50 -1 50 -1 50 -1 50 -1 50 -1 50 -1 50 -1 50 -1 50 -1 50 -1 50 -1 50 -1 50 -1 50 -1 50 -1 #SUP: 9
