23 -1 #SUP: 55
23 -1 24 -1 #SUP: 53
23 -1 23 -1 #SUP: 53
24 -1 24 -1 #SUP: 61
24 -1 24 -1 24 -1 #SUP: 58
24 -1 24 -1 24 -1 24 -1 #SUP: 57
24 -1 24 -1 24 -1 24 -1 24 -1 #SUP: 52
24 -1 24 -1 26 -1 #SUP: 55
24 -1 26 -1 26 -1 #SUP: 55
24 -1 24 -1 26 -1 26 -1 #SUP: 54
24 -1 24 -1 26 -1 26 -1 26 -1 #SUP: 52
24 -1 26 -1 24 -1 26 -1 #SUP: 53
26 -1 24 -1 26 -1 24 -1 24 -1 #SUP: 52
26 -1 24 -1 26 -1 24 -1 26 -1 #SUP: 52
26 -1 26 -1 26 -1 24 -1 26 -1 26 -1 #SUP: 52
26 -1 26 -1 26 -1 26 -1 24 -1 26 -1 24 -1 #SUP: 52
24 -1 26 -1 26 -1 26 -1 #SUP: 53
24 -1 26 -1 26 -1 26 -1 26 -1 #SUP: 52
25 -1 #SUP: 52
26 -1 26 -1 #SUP: 57
26 -1 24 -1 26 -1 26 -1 #SUP: 54
26 -1 24 -1 24 -1 26 -1 #SUP: 53
26 -1 24 -1 24 -1 26 -1 26 -1 #SUP: 52
26 -1 24 -1 26 -1 26 -1 26 -1 #SUP: 52
26 -1 26 -1 26 -1 26 -1 26 -1 26 -1 #SUP: 56
26 -1 26 -1 26 -1 26 -1 26 -1 26 -1 26 -1 #SUP: 54
26 -1 26 -1 26 -1 26 -1 26 -1 26 -1 26 -1 26 -1 #SUP: 53
26 -1 26 -1 26 -1 26 -1 26 -1 26 -1 26 -1 26 -1 26 -1 26 -1 #SUP: 52
