23 -1 #SUP: 413
23 -1 24 -1 #SUP: 406
23 -1 24 -1 24 -1 #SUP: 400
23 -1 24 -1 26 -1 #SUP: 399
23 -1 26 -1 #SUP: 404
23 -1 23 -1 #SUP: 409
24 -1 #SUP: 440
24 -1 24 -1 #SUP: 439
24 -1 24 -1 24 -1 #SUP: 428
24 -1 24 -1 24 -1 24 -1 #SUP: 427
24 -1 24 -1 24 -1 24 -1 24 -1 #SUP: 415
24 -1 24 -1 24 -1 24 -1 24 -1 24 -1 #SUP: 411
24 -1 24 -1 24 -1 24 -1 24 -1 26 -1 #SUP: 405
24 -1 24 -1 24 -1 24 -1 26 -1 #SUP: 417
24 -1 24 -1 24 -1 24 -1 26 -1 24 -1 #SUP: 405
24 -1 24 -1 24 -1 24 -1 26 -1 24 -1 24 -1 #SUP: 401
24 -1 24 -1 24 -1 24 -1 26 -1 24 -1 26 -1 #SUP: 399
24 -1 24 -1 24 -1 24 -1 26 -1 26 -1 #SUP: 408
24 -1 24 -1 24 -1 24 -1 26 -1 26 -1 24 -1 #SUP: 399
24 -1 24 -1 24 -1 24 -1 26 -1 26 -1 26 -1 #SUP: 405
26 -1 24 -1 24 -1 24 -1 26 -1 #SUP: 423
24 -1 24 -1 24 -1 26 -1 24 -1 #SUP: 414
26 -1 24 -1 24 -1 24 -1 26 -1 24 -1 24 -1 #SUP: 405
24 -1 24 -1 24 -1 26 -1 24 -1 26 -1 #SUP: 405
24 -1 24 -1 24 -1 26 -1 26 -1 #SUP: 414
26 -1 24 -1 24 -1 24 -1 26 -1 26 -1 24 -1 #SUP: 404
26 -1 24 -1 24 -1 24 -1 26 -1 26 -1 26 -1 #SUP: 410
26 -1 24 -1 24 -1 24 -1 26 -1 26 -1 26 -1 26 -1 #SUP: 400
26 -1 24 -1 26 -1 26 -1 26 -1 24 -1 26 -1 24 -1 #SUP: 399
26 -1 24 -1 24 -1 26 -1 #SUP: 429
24 -1 24 -1 26 -1 24 -1 #SUP: 422
24 -1 24 -1 26 -1 24 -1 24 -1 #SUP: 420
24 -1 24 -1 26 -1 24 -1 24 -1 24 -1 #SUP: 403
24 -1 24 -1 26 -1 24 -1 24 -1 24 -1 24 -1 #SUP: 401
24 -1 24 -1 26 -1 26 -1 24 -1 24 -1 24 -1 #SUP: 401
24 -1 24 -1 26 -1 24 -1 24 -1 24 -1 26 -1 #SUP: 400
24 -1 24 -1 26 -1 24 -1 24 -1 26 -1 #SUP: 414
24 -1 24 -1 26 -1 24 -1 24 -1 26 -1 24 -1 #SUP: 399
24 -1 24 -1 26 -1 24 -1 24 -1 26 -1 26 -1 #SUP: 404
26 -1 24 -1 24 -1 24 -1 26 -1 24 -1 26 -1 #SUP: 404
24 -1 24 -1 26 -1 24 -1 24 -1 26 -1 26 -1 26 -1 #SUP: 399
24 -1 24 -1 26 -1 24 -1 26 -1 #SUP: 415
24 -1 24 -1 26 -1 24 -1 26 -1 24 -1 #SUP: 404
24 -1 24 -1 26 -1 24 -1 26 -1 24 -1 26 -1 #SUP: 401
24 -1 24 -1 26 -1 24 -1 26 -1 26 -1 #SUP: 407
24 -1 24 -1 26 -1 24 -1 26 -1 26 -1 26 -1 #SUP: 402
24 -1 24 -1 26 -1 26 -1 #SUP: 423
24 -1 24 -1 26 -1 26 -1 24 -1 #SUP: 417
24 -1 24 -1 26 -1 26 -1 24 -1 24 -1 #SUP: 415
24 -1 24 -1 26 -1 26 -1 24 -1 24 -1 26 -1 #SUP: 409
24 -1 24 -1 26 -1 26 -1 24 -1 26 -1 #SUP: 412
24 -1 24 -1 26 -1 26 -1 24 -1 26 -1 24 -1 #SUP: 401
24 -1 24 -1 26 -1 26 -1 24 -1 26 -1 26 -1 #SUP: 404
24 -1 24 -1 26 -1 26 -1 26 -1 #SUP: 422
24 -1 24 -1 26 -1 26 -1 26 -1 24 -1 #SUP: 410
24 -1 24 -1 26 -1 26 -1 26 -1 24 -1 24 -1 #SUP: 407
24 -1 24 -1 26 -1 26 -1 26 -1 24 -1 24 -1 26 -1 #SUP: 399
24 -1 24 -1 26 -1 26 -1 26 -1 24 -1 26 -1 #SUP: 402
24 -1 24 -1 26 -1 26 -1 26 -1 26 -1 #SUP: 416
26 -1 24 -1 26 -1 26 -1 26 -1 26 -1 #SUP: 416
24 -1 24 -1 26 -1 26 -1 26 -1 26 -1 24 -1 #SUP: 407
24 -1 24 -1 26 -1 26 -1 26 -1 26 -1 24 -1 24 -1 #SUP: 400
24 -1 24 -1 26 -1 26 -1 26 -1 26 -1 24 -1 26 -1 #SUP: 401
24 -1 24 -1 26 -1 26 -1 26 -1 26 -1 26 -1 #SUP: 409
24 -1 24 -1 26 -1 26 -1 26 -1 26 -1 26 -1 26 -1 #SUP: 402
26 -1 24 -1 26 -1 #SUP: 431
26 -1 24 -1 26 -1 24 -1 #SUP: 428
26 -1 24 -1 26 -1 24 -1 24 -1 #SUP: 423
24 -1 26 -1 24 -1 24 -1 24 -1 #SUP: 412
24 -1 26 -1 24 -1 24 -1 24 -1 24 -1 #SUP: 405
24 -1 26 -1 24 -1 24 -1 24 -1 24 -1 26 -1 #SUP: 400
24 -1 26 -1 24 -1 24 -1 24 -1 26 -1 #SUP: 409
24 -1 26 -1 24 -1 24 -1 24 -1 26 -1 24 -1 #SUP: 399
24 -1 26 -1 24 -1 24 -1 24 -1 26 -1 26 -1 #SUP: 399
24 -1 26 -1 24 -1 24 -1 26 -1 #SUP: 418
24 -1 26 -1 24 -1 24 -1 26 -1 24 -1 #SUP: 405
24 -1 26 -1 24 -1 24 -1 26 -1 24 -1 24 -1 #SUP: 399
24 -1 26 -1 24 -1 24 -1 26 -1 24 -1 26 -1 #SUP: 401
24 -1 26 -1 24 -1 24 -1 26 -1 26 -1 #SUP: 409
24 -1 26 -1 24 -1 24 -1 26 -1 26 -1 24 -1 #SUP: 399
24 -1 26 -1 24 -1 24 -1 26 -1 26 -1 26 -1 #SUP: 403
24 -1 26 -1 24 -1 26 -1 #SUP: 422
24 -1 26 -1 24 -1 26 -1 24 -1 #SUP: 410
24 -1 26 -1 24 -1 26 -1 24 -1 24 -1 #SUP: 406
24 -1 26 -1 24 -1 26 -1 24 -1 24 -1 26 -1 #SUP: 402
24 -1 26 -1 24 -1 26 -1 24 -1 26 -1 #SUP: 405
24 -1 26 -1 24 -1 26 -1 24 -1 26 -1 24 -1 #SUP: 400
26 -1 26 -1 24 -1 24 -1 26 -1 24 -1 26 -1 24 -1 #SUP: 399
24 -1 26 -1 24 -1 26 -1 24 -1 26 -1 26 -1 #SUP: 401
24 -1 26 -1 24 -1 26 -1 26 -1 #SUP: 412
24 -1 26 -1 24 -1 26 -1 26 -1 24 -1 #SUP: 404
24 -1 26 -1 24 -1 26 -1 26 -1 24 -1 24 -1 #SUP: 400
24 -1 26 -1 24 -1 26 -1 26 -1 24 -1 26 -1 #SUP: 401
24 -1 26 -1 24 -1 26 -1 26 -1 26 -1 #SUP: 409
24 -1 26 -1 24 -1 26 -1 26 -1 26 -1 24 -1 #SUP: 399
24 -1 26 -1 24 -1 26 -1 26 -1 26 -1 26 -1 #SUP: 404
24 -1 26 -1 24 -1 26 -1 26 -1 26 -1 26 -1 26 -1 #SUP: 399
26 -1 24 -1 26 -1 26 -1 #SUP: 429
26 -1 24 -1 26 -1 26 -1 24 -1 #SUP: 425
24 -1 26 -1 26 -1 24 -1 24 -1 #SUP: 421
24 -1 26 -1 26 -1 24 -1 24 -1 24 -1 #SUP: 405
24 -1 26 -1 26 -1 24 -1 24 -1 24 -1 24 -1 #SUP: 403
24 -1 26 -1 26 -1 24 -1 24 -1 24 -1 26 -1 #SUP: 400
24 -1 26 -1 26 -1 24 -1 24 -1 26 -1 #SUP: 415
24 -1 26 -1 26 -1 24 -1 24 -1 26 -1 24 -1 #SUP: 400
24 -1 26 -1 26 -1 24 -1 24 -1 26 -1 26 -1 #SUP: 402
26 -1 24 -1 26 -1 26 -1 24 -1 26 -1 #SUP: 419
24 -1 26 -1 26 -1 24 -1 26 -1 24 -1 #SUP: 406
24 -1 26 -1 26 -1 24 -1 26 -1 24 -1 26 -1 #SUP: 401
24 -1 26 -1 26 -1 24 -1 26 -1 26 -1 #SUP: 407
24 -1 26 -1 26 -1 24 -1 26 -1 26 -1 26 -1 #SUP: 403
26 -1 24 -1 26 -1 26 -1 26 -1 #SUP: 427
24 -1 26 -1 26 -1 26 -1 24 -1 #SUP: 415
24 -1 26 -1 26 -1 26 -1 24 -1 24 -1 #SUP: 412
24 -1 26 -1 26 -1 26 -1 24 -1 24 -1 24 -1 #SUP: 399
24 -1 26 -1 26 -1 26 -1 24 -1 24 -1 26 -1 #SUP: 404
24 -1 26 -1 26 -1 26 -1 24 -1 26 -1 #SUP: 407
24 -1 26 -1 26 -1 26 -1 24 -1 26 -1 24 -1 #SUP: 400
24 -1 26 -1 26 -1 26 -1 24 -1 26 -1 26 -1 #SUP: 400
24 -1 26 -1 26 -1 26 -1 26 -1 #SUP: 417
24 -1 26 -1 26 -1 26 -1 26 -1 24 -1 #SUP: 409
24 -1 26 -1 26 -1 26 -1 26 -1 24 -1 24 -1 #SUP: 404
24 -1 26 -1 26 -1 26 -1 26 -1 24 -1 26 -1 #SUP: 403
24 -1 26 -1 26 -1 26 -1 26 -1 26 -1 #SUP: 413
24 -1 26 -1 26 -1 26 -1 26 -1 26 -1 24 -1 #SUP: 401
24 -1 26 -1 26 -1 26 -1 26 -1 26 -1 26 -1 #SUP: 405
24 -1 26 -1 26 -1 26 -1 26 -1 26 -1 26 -1 26 -1 #SUP: 401
24 -1 23 -1 #SUP: 403
26 -1 26 -1 26 -1 #SUP: 445
26 -1 24 -1 #SUP: 435
26 -1 24 -1 24 -1 #SUP: 434
26 -1 24 -1 24 -1 24 -1 #SUP: 424
26 -1 24 -1 24 -1 24 -1 24 -1 #SUP: 421
26 -1 24 -1 24 -1 24 -1 24 -1 24 -1 #SUP: 410
26 -1 24 -1 24 -1 24 -1 24 -1 24 -1 24 -1 #SUP: 404
26 -1 24 -1 24 -1 24 -1 24 -1 24 -1 26 -1 #SUP: 403
26 -1 24 -1 24 -1 24 -1 24 -1 26 -1 #SUP: 414
26 -1 24 -1 24 -1 24 -1 24 -1 26 -1 24 -1 #SUP: 402
26 -1 24 -1 24 -1 24 -1 24 -1 26 -1 26 -1 #SUP: 406
26 -1 24 -1 24 -1 24 -1 24 -1 26 -1 26 -1 26 -1 #SUP: 403
26 -1 24 -1 24 -1 24 -1 26 -1 24 -1 #SUP: 413
26 -1 24 -1 24 -1 24 -1 26 -1 26 -1 #SUP: 413
26 -1 24 -1 24 -1 26 -1 24 -1 #SUP: 421
26 -1 24 -1 24 -1 26 -1 24 -1 24 -1 #SUP: 417
26 -1 24 -1 24 -1 26 -1 24 -1 24 -1 24 -1 #SUP: 401
26 -1 24 -1 24 -1 26 -1 24 -1 24 -1 26 -1 #SUP: 411
26 -1 24 -1 24 -1 26 -1 24 -1 24 -1 26 -1 26 -1 #SUP: 402
26 -1 24 -1 24 -1 26 -1 24 -1 26 -1 #SUP: 414
26 -1 24 -1 24 -1 26 -1 24 -1 26 -1 24 -1 #SUP: 402
26 -1 24 -1 24 -1 26 -1 24 -1 26 -1 24 -1 26 -1 #SUP: 399
26 -1 24 -1 24 -1 26 -1 24 -1 26 -1 26 -1 #SUP: 405
26 -1 24 -1 24 -1 26 -1 24 -1 26 -1 26 -1 26 -1 #SUP: 400
26 -1 24 -1 24 -1 26 -1 26 -1 #SUP: 422
26 -1 24 -1 24 -1 26 -1 26 -1 24 -1 #SUP: 414
26 -1 24 -1 24 -1 26 -1 26 -1 24 -1 24 -1 #SUP: 411
26 -1 24 -1 24 -1 26 -1 26 -1 24 -1 24 -1 26 -1 #SUP: 404
26 -1 24 -1 24 -1 26 -1 26 -1 24 -1 26 -1 #SUP: 409
26 -1 24 -1 24 -1 26 -1 26 -1 24 -1 26 -1 26 -1 #SUP: 400
26 -1 24 -1 24 -1 26 -1 26 -1 26 -1 #SUP: 419
26 -1 24 -1 24 -1 26 -1 26 -1 26 -1 24 -1 #SUP: 406
26 -1 24 -1 24 -1 26 -1 26 -1 26 -1 24 -1 24 -1 #SUP: 403
26 -1 24 -1 24 -1 26 -1 26 -1 26 -1 26 -1 #SUP: 412
26 -1 24 -1 24 -1 26 -1 26 -1 26 -1 26 -1 24 -1 #SUP: 403
26 -1 24 -1 24 -1 26 -1 26 -1 26 -1 26 -1 26 -1 #SUP: 404
26 -1 24 -1 24 -1 26 -1 26 -1 26 -1 26 -1 26 -1 26 -1 #SUP: 399
26 -1 24 -1 26 -1 24 -1 24 -1 24 -1 #SUP: 410
26 -1 24 -1 26 -1 24 -1 24 -1 24 -1 24 -1 #SUP: 404
26 -1 24 -1 26 -1 24 -1 24 -1 24 -1 26 -1 #SUP: 406
26 -1 24 -1 26 -1 24 -1 24 -1 26 -1 #SUP: 417
26 -1 24 -1 26 -1 24 -1 24 -1 26 -1 24 -1 #SUP: 403
26 -1 24 -1 26 -1 24 -1 24 -1 26 -1 24 -1 26 -1 #SUP: 400
26 -1 24 -1 26 -1 24 -1 24 -1 26 -1 26 -1 #SUP: 407
26 -1 24 -1 26 -1 24 -1 24 -1 26 -1 26 -1 26 -1 #SUP: 402
26 -1 24 -1 26 -1 24 -1 26 -1 #SUP: 421
26 -1 24 -1 26 -1 24 -1 26 -1 24 -1 #SUP: 408
26 -1 24 -1 26 -1 24 -1 26 -1 24 -1 24 -1 #SUP: 402
26 -1 24 -1 26 -1 24 -1 26 -1 24 -1 24 -1 26 -1 #SUP: 399
26 -1 24 -1 26 -1 24 -1 26 -1 24 -1 26 -1 #SUP: 404
26 -1 24 -1 26 -1 24 -1 26 -1 24 -1 26 -1 26 -1 #SUP: 399
26 -1 24 -1 26 -1 24 -1 26 -1 26 -1 #SUP: 410
26 -1 24 -1 26 -1 24 -1 26 -1 26 -1 24 -1 #SUP: 400
26 -1 24 -1 26 -1 24 -1 26 -1 26 -1 26 -1 #SUP: 405
26 -1 24 -1 26 -1 24 -1 26 -1 26 -1 26 -1 26 -1 #SUP: 399
26 -1 24 -1 26 -1 26 -1 24 -1 24 -1 #SUP: 420
26 -1 24 -1 26 -1 26 -1 24 -1 24 -1 24 -1 #SUP: 404
26 -1 24 -1 26 -1 26 -1 24 -1 24 -1 24 -1 24 -1 #SUP: 401
26 -1 24 -1 26 -1 26 -1 24 -1 24 -1 26 -1 #SUP: 414
26 -1 24 -1 26 -1 26 -1 24 -1 24 -1 26 -1 24 -1 #SUP: 399
26 -1 24 -1 26 -1 26 -1 24 -1 24 -1 26 -1 26 -1 #SUP: 401
26 -1 24 -1 26 -1 26 -1 24 -1 26 -1 24 -1 #SUP: 405
26 -1 24 -1 26 -1 26 -1 24 -1 26 -1 24 -1 26 -1 #SUP: 400
26 -1 24 -1 26 -1 26 -1 24 -1 26 -1 26 -1 #SUP: 406
26 -1 24 -1 26 -1 26 -1 24 -1 26 -1 26 -1 26 -1 #SUP: 402
26 -1 24 -1 26 -1 26 -1 26 -1 24 -1 #SUP: 414
26 -1 26 -1 24 -1 26 -1 24 -1 26 -1 #SUP: 413
26 -1 24 -1 26 -1 26 -1 26 -1 24 -1 24 -1 #SUP: 411
26 -1 24 -1 26 -1 26 -1 26 -1 24 -1 24 -1 26 -1 #SUP: 402
26 -1 24 -1 26 -1 26 -1 26 -1 24 -1 26 -1 #SUP: 406
26 -1 24 -1 26 -1 26 -1 26 -1 26 -1 24 -1 #SUP: 408
26 -1 24 -1 26 -1 26 -1 26 -1 26 -1 24 -1 24 -1 #SUP: 402
26 -1 24 -1 26 -1 26 -1 26 -1 26 -1 24 -1 26 -1 #SUP: 402
26 -1 24 -1 26 -1 26 -1 26 -1 26 -1 26 -1 #SUP: 412
26 -1 24 -1 26 -1 26 -1 26 -1 26 -1 26 -1 24 -1 #SUP: 399
26 -1 24 -1 26 -1 26 -1 26 -1 26 -1 26 -1 26 -1 #SUP: 402
26 -1 24 -1 26 -1 26 -1 26 -1 26 -1 26 -1 26 -1 26 -1 #SUP: 400
26 -1 26 -1 24 -1 24 -1 #SUP: 433
26 -1 26 -1 24 -1 24 -1 24 -1 #SUP: 416
26 -1 26 -1 24 -1 24 -1 24 -1 24 -1 #SUP: 414
26 -1 26 -1 24 -1 24 -1 24 -1 24 -1 26 -1 #SUP: 406
26 -1 26 -1 24 -1 24 -1 24 -1 26 -1 #SUP: 413
26 -1 26 -1 24 -1 24 -1 24 -1 26 -1 24 -1 #SUP: 405
26 -1 26 -1 24 -1 24 -1 24 -1 26 -1 26 -1 #SUP: 405
26 -1 26 -1 24 -1 24 -1 24 -1 26 -1 26 -1 26 -1 #SUP: 399
26 -1 26 -1 24 -1 24 -1 26 -1 #SUP: 425
26 -1 26 -1 24 -1 24 -1 26 -1 24 -1 #SUP: 411
26 -1 26 -1 24 -1 24 -1 26 -1 24 -1 24 -1 #SUP: 408
26 -1 26 -1 24 -1 24 -1 26 -1 24 -1 24 -1 26 -1 #SUP: 402
26 -1 26 -1 24 -1 24 -1 26 -1 24 -1 26 -1 #SUP: 406
26 -1 26 -1 24 -1 24 -1 26 -1 24 -1 26 -1 26 -1 #SUP: 399
26 -1 26 -1 24 -1 24 -1 26 -1 26 -1 #SUP: 414
26 -1 26 -1 24 -1 24 -1 26 -1 26 -1 24 -1 #SUP: 406
26 -1 26 -1 24 -1 24 -1 26 -1 26 -1 24 -1 24 -1 #SUP: 400
26 -1 26 -1 24 -1 24 -1 26 -1 26 -1 24 -1 26 -1 #SUP: 402
26 -1 26 -1 24 -1 24 -1 26 -1 26 -1 26 -1 #SUP: 411
26 -1 26 -1 24 -1 24 -1 26 -1 26 -1 26 -1 26 -1 #SUP: 404
26 -1 26 -1 24 -1 26 -1 #SUP: 426
26 -1 26 -1 24 -1 26 -1 24 -1 #SUP: 418
26 -1 26 -1 24 -1 26 -1 24 -1 24 -1 #SUP: 412
26 -1 26 -1 24 -1 26 -1 24 -1 24 -1 24 -1 #SUP: 400
26 -1 26 -1 24 -1 26 -1 24 -1 24 -1 26 -1 #SUP: 407
26 -1 26 -1 24 -1 26 -1 24 -1 24 -1 26 -1 26 -1 #SUP: 400
26 -1 26 -1 24 -1 26 -1 24 -1 26 -1 24 -1 #SUP: 404
26 -1 26 -1 24 -1 26 -1 24 -1 26 -1 24 -1 26 -1 #SUP: 399
26 -1 26 -1 24 -1 26 -1 24 -1 26 -1 26 -1 #SUP: 404
26 -1 26 -1 24 -1 26 -1 26 -1 #SUP: 420
26 -1 26 -1 24 -1 26 -1 26 -1 24 -1 #SUP: 415
26 -1 26 -1 26 -1 24 -1 26 -1 26 -1 26 -1 #SUP: 415
26 -1 26 -1 24 -1 26 -1 26 -1 24 -1 24 -1 #SUP: 405
26 -1 26 -1 24 -1 26 -1 26 -1 24 -1 24 -1 26 -1 #SUP: 400
26 -1 26 -1 24 -1 26 -1 26 -1 24 -1 26 -1 #SUP: 411
26 -1 26 -1 24 -1 26 -1 26 -1 26 -1 #SUP: 417
26 -1 26 -1 24 -1 26 -1 26 -1 26 -1 24 -1 #SUP: 402
26 -1 26 -1 24 -1 26 -1 26 -1 26 -1 26 -1 #SUP: 405
26 -1 26 -1 24 -1 26 -1 26 -1 26 -1 26 -1 26 -1 #SUP: 399
26 -1 26 -1 26 -1 24 -1 #SUP: 431
26 -1 26 -1 26 -1 24 -1 24 -1 #SUP: 430
26 -1 26 -1 26 -1 24 -1 24 -1 24 -1 #SUP: 413
26 -1 26 -1 26 -1 24 -1 24 -1 24 -1 24 -1 #SUP: 411
26 -1 26 -1 26 -1 24 -1 24 -1 24 -1 24 -1 26 -1 #SUP: 402
26 -1 26 -1 26 -1 24 -1 24 -1 24 -1 26 -1 #SUP: 409
26 -1 26 -1 26 -1 24 -1 24 -1 24 -1 26 -1 24 -1 #SUP: 400
26 -1 26 -1 26 -1 24 -1 24 -1 26 -1 #SUP: 422
26 -1 26 -1 26 -1 24 -1 24 -1 26 -1 24 -1 #SUP: 410
26 -1 26 -1 26 -1 24 -1 24 -1 26 -1 24 -1 24 -1 #SUP: 404
26 -1 26 -1 26 -1 24 -1 24 -1 26 -1 24 -1 26 -1 #SUP: 403
26 -1 26 -1 26 -1 24 -1 24 -1 26 -1 26 -1 #SUP: 411
26 -1 26 -1 26 -1 24 -1 24 -1 26 -1 26 -1 24 -1 #SUP: 405
26 -1 26 -1 26 -1 24 -1 24 -1 26 -1 26 -1 24 -1 26 -1 #SUP: 400
26 -1 26 -1 26 -1 24 -1 24 -1 26 -1 26 -1 26 -1 #SUP: 408
26 -1 26 -1 26 -1 24 -1 24 -1 26 -1 26 -1 26 -1 26 -1 #SUP: 399
26 -1 26 -1 26 -1 24 -1 26 -1 #SUP: 424
26 -1 26 -1 26 -1 24 -1 26 -1 24 -1 #SUP: 416
26 -1 26 -1 26 -1 24 -1 26 -1 24 -1 24 -1 #SUP: 409
26 -1 26 -1 26 -1 24 -1 26 -1 24 -1 24 -1 26 -1 #SUP: 402
26 -1 26 -1 26 -1 24 -1 26 -1 24 -1 26 -1 #SUP: 411
26 -1 26 -1 26 -1 24 -1 26 -1 24 -1 26 -1 24 -1 #SUP: 401
26 -1 26 -1 26 -1 24 -1 26 -1 24 -1 26 -1 26 -1 #SUP: 399
26 -1 26 -1 26 -1 24 -1 26 -1 26 -1 #SUP: 418
26 -1 26 -1 26 -1 24 -1 26 -1 26 -1 24 -1 #SUP: 411
26 -1 26 -1 26 -1 24 -1 26 -1 26 -1 24 -1 24 -1 #SUP: 403
26 -1 26 -1 26 -1 24 -1 26 -1 26 -1 24 -1 26 -1 #SUP: 406
26 -1 26 -1 26 -1 24 -1 26 -1 26 -1 26 -1 24 -1 #SUP: 400
26 -1 26 -1 26 -1 26 -1 26 -1 26 -1 26 -1 26 -1 24 -1 26 -1 #SUP: 399
26 -1 26 -1 26 -1 24 -1 26 -1 26 -1 26 -1 26 -1 #SUP: 401
26 -1 26 -1 26 -1 26 -1 #SUP: 444
26 -1 26 -1 26 -1 26 -1 24 -1 #SUP: 428
26 -1 26 -1 26 -1 26 -1 24 -1 24 -1 #SUP: 425
26 -1 26 -1 26 -1 26 -1 24 -1 24 -1 24 -1 #SUP: 408
26 -1 26 -1 26 -1 26 -1 24 -1 24 -1 24 -1 24 -1 #SUP: 405
26 -1 26 -1 26 -1 26 -1 24 -1 24 -1 24 -1 24 -1 26 -1 #SUP: 399
26 -1 26 -1 26 -1 26 -1 24 -1 24 -1 24 -1 26 -1 #SUP: 401
26 -1 26 -1 26 -1 26 -1 24 -1 24 -1 26 -1 #SUP: 414
26 -1 26 -1 26 -1 26 -1 24 -1 24 -1 26 -1 24 -1 #SUP: 404
26 -1 26 -1 26 -1 26 -1 24 -1 24 -1 26 -1 26 -1 #SUP: 404
26 -1 26 -1 26 -1 26 -1 24 -1 24 -1 26 -1 26 -1 24 -1 #SUP: 399
26 -1 26 -1 26 -1 26 -1 24 -1 24 -1 26 -1 26 -1 26 -1 #SUP: 401
26 -1 26 -1 26 -1 26 -1 24 -1 26 -1 #SUP: 421
26 -1 26 -1 26 -1 26 -1 24 -1 26 -1 24 -1 #SUP: 413
26 -1 26 -1 26 -1 26 -1 24 -1 26 -1 24 -1 24 -1 #SUP: 401
26 -1 26 -1 26 -1 26 -1 24 -1 26 -1 24 -1 26 -1 #SUP: 403
26 -1 26 -1 26 -1 26 -1 24 -1 26 -1 26 -1 #SUP: 412
26 -1 26 -1 26 -1 26 -1 24 -1 26 -1 26 -1 24 -1 #SUP: 405
26 -1 26 -1 26 -1 26 -1 24 -1 26 -1 26 -1 24 -1 26 -1 #SUP: 400
26 -1 26 -1 26 -1 26 -1 24 -1 26 -1 26 -1 26 -1 #SUP: 408
26 -1 26 -1 26 -1 26 -1 26 -1 #SUP: 440
26 -1 26 -1 26 -1 26 -1 26 -1 24 -1 #SUP: 424
26 -1 26 -1 26 -1 26 -1 26 -1 24 -1 24 -1 #SUP: 419
26 -1 26 -1 26 -1 26 -1 26 -1 24 -1 24 -1 24 -1 #SUP: 404
26 -1 26 -1 26 -1 26 -1 26 -1 24 -1 24 -1 24 -1 24 -1 #SUP: 403
26 -1 26 -1 26 -1 26 -1 26 -1 24 -1 24 -1 24 -1 26 -1 #SUP: 400
26 -1 26 -1 26 -1 26 -1 26 -1 24 -1 24 -1 26 -1 #SUP: 409
26 -1 26 -1 26 -1 26 -1 26 -1 24 -1 24 -1 26 -1 24 -1 #SUP: 399
26 -1 26 -1 26 -1 26 -1 26 -1 24 -1 24 -1 26 -1 26 -1 #SUP: 399
26 -1 26 -1 26 -1 26 -1 26 -1 24 -1 26 -1 #SUP: 415
26 -1 26 -1 26 -1 26 -1 26 -1 24 -1 26 -1 24 -1 #SUP: 408
26 -1 26 -1 26 -1 26 -1 26 -1 24 -1 26 -1 24 -1 24 -1 #SUP: 400
26 -1 26 -1 26 -1 26 -1 26 -1 24 -1 26 -1 24 -1 26 -1 #SUP: 400
26 -1 26 -1 26 -1 26 -1 26 -1 24 -1 26 -1 26 -1 26 -1 #SUP: 405
26 -1 26 -1 26 -1 26 -1 26 -1 24 -1 26 -1 26 -1 24 -1 #SUP: 402
26 -1 26 -1 26 -1 26 -1 26 -1 24 -1 26 -1 26 -1 24 -1 26 -1 #SUP: 399
26 -1 26 -1 26 -1 26 -1 26 -1 26 -1 #SUP: 438
26 -1 26 -1 26 -1 26 -1 26 -1 26 -1 24 -1 #SUP: 419
26 -1 26 -1 26 -1 26 -1 26 -1 26 -1 24 -1 24 -1 #SUP: 413
26 -1 26 -1 26 -1 26 -1 26 -1 26 -1 24 -1 24 -1 24 -1 #SUP: 401
26 -1 26 -1 26 -1 26 -1 26 -1 26 -1 24 -1 24 -1 26 -1 #SUP: 405
26 -1 26 -1 26 -1 26 -1 26 -1 26 -1 24 -1 26 -1 #SUP: 409
26 -1 26 -1 26 -1 26 -1 26 -1 26 -1 24 -1 26 -1 24 -1 #SUP: 402
26 -1 26 -1 26 -1 26 -1 26 -1 26 -1 24 -1 26 -1 26 -1 26 -1 #SUP: 400
26 -1 26 -1 26 -1 26 -1 26 -1 26 -1 26 -1 #SUP: 428
26 -1 26 -1 26 -1 26 -1 26 -1 26 -1 26 -1 24 -1 #SUP: 415
26 -1 26 -1 26 -1 26 -1 26 -1 26 -1 26 -1 24 -1 24 -1 #SUP: 411
26 -1 26 -1 26 -1 26 -1 26 -1 26 -1 26 -1 24 -1 24 -1 26 -1 #SUP: 403
26 -1 26 -1 26 -1 26 -1 26 -1 26 -1 26 -1 24 -1 26 -1 #SUP: 408
26 -1 26 -1 26 -1 26 -1 26 -1 26 -1 26 -1 24 -1 26 -1 24 -1 #SUP: 400
26 -1 26 -1 26 -1 26 -1 26 -1 26 -1 26 -1 26 -1 #SUP: 427
26 -1 26 -1 26 -1 26 -1 26 -1 26 -1 26 -1 26 -1 24 -1 #SUP: 410
26 -1 26 -1 26 -1 26 -1 26 -1 26 -1 26 -1 26 -1 24 -1 24 -1 #SUP: 404
26 -1 26 -1 26 -1 26 -1 26 -1 26 -1 26 -1 26 -1 26 -1 #SUP: 419
26 -1 26 -1 26 -1 26 -1 26 -1 26 -1 26 -1 26 -1 26 -1 24 -1 #SUP: 407
26 -1 26 -1 26 -1 26 -1 26 -1 26 -1 26 -1 26 -1 26 -1 24 -1 24 -1 #SUP: 401
26 -1 26 -1 26 -1 26 -1 26 -1 26 -1 26 -1 26 -1 26 -1 26 -1 #SUP: 416
26 -1 26 -1 26 -1 26 -1 26 -1 26 -1 26 -1 26 -1 26 -1 26 -1 24 -1 #SUP: 400
26 -1 26 -1 26 -1 26 -1 26 -1 26 -1 26 -1 26 -1 26 -1 26 -1 26 -1 #SUP: 403
26 -1 26 -1 26 -1 26 -1 26 -1 26 -1 26 -1 26 -1 26 -1 26 -1 26 -1 26 -1 #SUP: 401
26 -1 23 -1 #SUP: 405
26 -1 23 -1 24 -1 #SUP: 401
26 -1 23 -1 26 -1 #SUP: 401
26 -1 23 -1 23 -1 #SUP: 400
