10 -1 #SUP: 11
37 -1 37 -1 37 -1 38 -1 38 -1 37 -1 #SUP: 11
37 -1 37 -1 37 -1 37 -1 37 -1 37 -1 #SUP: 11
10 -1 38 -1 38 -1 37 -1 #SUP: 10
10 -1 38 -1 38 -1 38 -1 38 -1 38 -1 38 -1 38 -1 38 -1 38 -1 37 -1 #SUP: 9
10 -1 38 -1 38 -1 38 -1 38 -1 38 -1 38 -1 38 -1 37 -1 38 -1 37 -1 #SUP: 9
10 -1 38 -1 38 -1 38 -1 38 -1 38 -1 38 -1 37 -1 38 -1 38 -1 37 -1 #SUP: 9
10 -1 38 -1 38 -1 38 -1 38 -1 38 -1 38 -1 37 -1 37 -1 38 -1 37 -1 #SUP: 9
10 -1 38 -1 38 -1 38 -1 38 -1 37 -1 37 -1 38 -1 38 -1 37 -1 #SUP: 9
10 -1 38 -1 38 -1 38 -1 38 -1 37 -1 37 -1 37 -1 38 -1 38 -1 #SUP: 9
13 -1 37 -1 37 -1 37 -1 37 -1 37 -1 37 -1 37 -1 #SUP: 9
37 -1 13 -1 37 -1 37 -1 37 -1 37 -1 37 -1 37 -1 #SUP: 9
38 -1 38 -1 38 -1 38 -1 38 -1 38 -1 38 -1 38 -1 38 -1 38 -1 37 -1 #SUP: 9
10 -1 38 -1 38 -1 13 -1 37 -1 #SUP: 9
37 -1 40 -1 40 -1 37 -1 37 -1 37 -1 #SUP: 10
37 -1 37 -1 40 -1 40 -1 37 -1 37 -1 #SUP: 10
40 -1 40 -1 40 -1 40 -1 37 -1 37 -1 37 -1 #SUP: 10
10 -1 38 -1 10 -1 38 -1 37 -1 #SUP: 9
37 -1 37 -1 37 -1 38 -1 38 -1 13 -1 37 -1 #SUP: 10
37 -1 13 -1 37 -1 #SUP: 12
13 -1 10 -1 #SUP: 10
13 -1 37 -1 37 -1 38 -1 38 -1 37 -1 #SUP: 10
13 -1 37 -1 37 -1 37 -1 38 -1 38 -1 #SUP: 10
37 -1 37 -1 37 -1 37 -1 38 -1 #SUP: 10
37 -1 13 -1 37 -1 38 -1 38 -1 37 -1 #SUP: 10
37 -1 13 -1 37 -1 37 -1 38 -1 37 -1 #SUP: 10
13 -1 38 -1 38 -1 38 -1 38 -1 38 -1 38 -1 38 -1 37 -1 38 -1 37 -1 #SUP: 9
13 -1 38 -1 38 -1 38 -1 38 -1 38 -1 38 -1 37 -1 38 -1 38 -1 37 -1 38 -1 #SUP: 9
13 -1 38 -1 38 -1 38 -1 38 -1 38 -1 38 -1 37 -1 37 -1 38 -1 37 -1 #SUP: 9
13 -1 38 -1 38 -1 38 -1 38 -1 38 -1 37 -1 38 -1 38 -1 38 -1 37 -1 38 -1 #SUP: 9
13 -1 38 -1 38 -1 38 -1 38 -1 37 -1 38 -1 37 -1 38 -1 38 -1 38 -1 #SUP: 9
13 -1 38 -1 38 -1 38 -1 38 -1 37 -1 37 -1 38 -1 38 -1 37 -1 38 -1 38 -1 #SUP: 9
13 -1 38 -1 38 -1 38 -1 37 -1 38 -1 38 -1 37 -1 38 -1 38 -1 38 -1 38 -1 #SUP: 9
13 -1 38 -1 38 -1 38 -1 37 -1 38 -1 38 -1 37 -1 38 -1 38 -1 37 -1 38 -1 #SUP: 9
37 -1 38 -1 38 -1 38 -1 38 -1 38 -1 38 -1 38 -1 38 -1 37 -1 38 -1 #SUP: 9
37 -1 38 -1 38 -1 38 -1 38 -1 38 -1 38 -1 38 -1 37 -1 38 -1 37 -1 #SUP: 9
37 -1 38 -1 38 -1 37 -1 38 -1 38 -1 38 -1 38 -1 38 -1 38 -1 #SUP: 9
37 -1 38 -1 38 -1 37 -1 38 -1 38 -1 38 -1 38 -1 37 -1 38 -1 #SUP: 9
37 -1 38 -1 38 -1 37 -1 38 -1 38 -1 37 -1 38 -1 37 -1 #SUP: 9
37 -1 37 -1 38 -1 38 -1 37 -1 38 -1 38 -1 38 -1 38 -1 #SUP: 9
37 -1 37 -1 38 -1 38 -1 37 -1 38 -1 38 -1 37 -1 38 -1 #SUP: 9
37 -1 13 -1 38 -1 38 -1 38 -1 38 -1 38 -1 38 -1 38 -1 37 -1 38 -1 #SUP: 9
37 -1 13 -1 38 -1 38 -1 38 -1 38 -1 38 -1 38 -1 37 -1 38 -1 37 -1 #SUP: 9
37 -1 13 -1 38 -1 38 -1 38 -1 38 -1 38 -1 38 -1 37 -1 37 -1 37 -1 #SUP: 9
37 -1 13 -1 38 -1 38 -1 38 -1 37 -1 38 -1 37 -1 37 -1 #SUP: 9
37 -1 13 -1 37 -1 38 -1 38 -1 38 -1 38 -1 38 -1 38 -1 #SUP: 9
37 -1 13 -1 37 -1 38 -1 38 -1 38 -1 38 -1 37 -1 38 -1 #SUP: 9
37 -1 13 -1 37 -1 38 -1 38 -1 37 -1 38 -1 37 -1 #SUP: 9
38 -1 38 -1 38 -1 38 -1 38 -1 38 -1 37 -1 38 -1 38 -1 38 -1 37 -1 38 -1 #SUP: 9
38 -1 38 -1 38 -1 38 -1 37 -1 38 -1 38 -1 38 -1 38 -1 38 -1 38 -1 #SUP: 9
38 -1 38 -1 38 -1 38 -1 37 -1 38 -1 38 -1 38 -1 38 -1 37 -1 38 -1 #SUP: 9
38 -1 38 -1 38 -1 38 -1 37 -1 38 -1 38 -1 37 -1 38 -1 38 -1 38 -1 #SUP: 9
13 -1 37 -1 37 -1 38 -1 38 -1 13 -1 37 -1 #SUP: 9
13 -1 37 -1 37 -1 37 -1 37 -1 37 -1 37 -1 #SUP: 10
13 -1 37 -1 37 -1 13 -1 37 -1 38 -1 38 -1 #SUP: 9
37 -1 37 -1 37 -1 13 -1 38 -1 38 -1 #SUP: 9
37 -1 37 -1 37 -1 13 -1 37 -1 38 -1 #SUP: 9
37 -1 13 -1 37 -1 38 -1 38 -1 13 -1 37 -1 #SUP: 9
37 -1 13 -1 37 -1 37 -1 38 -1 13 -1 37 -1 #SUP: 9
37 -1 13 -1 37 -1 37 -1 37 -1 37 -1 #SUP: 10
37 -1 13 -1 37 -1 13 -1 38 -1 38 -1 #SUP: 9
37 -1 13 -1 37 -1 13 -1 37 -1 38 -1 #SUP: 9
37 -1 40 -1 40 -1 37 -1 37 -1 37 -1 37 -1 37 -1 #SUP: 9
37 -1 37 -1 40 -1 40 -1 37 -1 37 -1 37 -1 37 -1 #SUP: 9
37 -1 13 -1 38 -1 10 -1 #SUP: 9
37 -1 13 -1 37 -1 37 -1 38 -1 38 -1 37 -1 #SUP: 9
37 -1 13 -1 37 -1 37 -1 37 -1 38 -1 38 -1 #SUP: 9
40 -1 40 -1 40 -1 40 -1 37 -1 37 -1 37 -1 37 -1 37 -1 #SUP: 9
13 -1 40 -1 37 -1 37 -1 37 -1 #SUP: 9
13 -1 37 -1 40 -1 37 -1 37 -1 #SUP: 9
13 -1 37 -1 37 -1 40 -1 37 -1 #SUP: 9
13 -1 37 -1 37 -1 37 -1 38 -1 38 -1 37 -1 #SUP: 9
13 -1 37 -1 37 -1 37 -1 37 -1 38 -1 37 -1 #SUP: 9
38 -1 38 -1 38 -1 38 -1 38 -1 38 -1 38 -1 38 -1 37 -1 38 -1 13 -1 37 -1 #SUP: 9
38 -1 38 -1 38 -1 38 -1 38 -1 38 -1 37 -1 38 -1 38 -1 13 -1 37 -1 #SUP: 9
38 -1 38 -1 38 -1 38 -1 38 -1 38 -1 37 -1 37 -1 38 -1 13 -1 37 -1 #SUP: 9
38 -1 38 -1 38 -1 38 -1 37 -1 37 -1 38 -1 38 -1 13 -1 37 -1 #SUP: 9
13 -1 10 -1 38 -1 38 -1 37 -1 #SUP: 9
37 -1 37 -1 37 -1 37 -1 37 -1 37 -1 37 -1 37 -1 37 -1 #SUP: 9
37 -1 13 -1 37 -1 37 -1 37 -1 #SUP: 11
13 -1 37 -1 37 -1 37 -1 13 -1 37 -1 13 -1 37 -1 37 -1 #SUP: 9
13 -1 37 -1 37 -1 37 -1 13 -1 13 -1 37 -1 37 -1 37 -1 #SUP: 9
13 -1 37 -1 37 -1 13 -1 37 -1 13 -1 37 -1 37 -1 37 -1 #SUP: 9
13 -1 13 -1 37 -1 37 -1 37 -1 37 -1 37 -1 37 -1 #SUP: 9
13 -1 13 -1 37 -1 13 -1 37 -1 37 -1 37 -1 37 -1 #SUP: 9
38 -1 38 -1 38 -1 38 -1 38 -1 38 -1 38 -1 38 -1 37 -1 37 -1 38 -1 38 -1 #SUP: 9
38 -1 38 -1 38 -1 38 -1 38 -1 38 -1 38 -1 37 -1 38 -1 38 -1 37 -1 #SUP: 9
38 -1 38 -1 38 -1 38 -1 38 -1 38 -1 37 -1 37 -1 38 -1 38 -1 37 -1 #SUP: 9
38 -1 38 -1 38 -1 38 -1 38 -1 38 -1 37 -1 37 -1 37 -1 38 -1 38 -1 #SUP: 9
38 -1 38 -1 38 -1 10 -1 #SUP: 9
13 -1 37 -1 37 -1 13 -1 37 -1 #SUP: 10
37 -1 40 -1 40 -1 40 -1 40 -1 37 -1 37 -1 37 -1 #SUP: 9
37 -1 37 -1 40 -1 40 -1 40 -1 37 -1 37 -1 #SUP: 9
37 -1 37 -1 37 -1 40 -1 40 -1 37 -1 #SUP: 9
37 -1 13 -1 37 -1 13 -1 37 -1 #SUP: 10
37 -1 37 -1 37 -1 37 -1 #SUP: 13
37 -1 37 -1 37 -1 37 -1 37 -1 37 -1 37 -1 37 -1 #SUP: 10
38 -1 10 -1 #SUP: 10
37 -1 37 -1 37 -1 13 -1 37 -1 #SUP: 11
38 -1 38 -1 38 -1 38 -1 38 -1 38 -1 38 -1 38 -1 38 -1 38 -1 #SUP: 10
38 -1 38 -1 38 -1 38 -1 38 -1 38 -1 38 -1 38 -1 37 -1 38 -1 37 -1 #SUP: 10
38 -1 38 -1 38 -1 38 -1 38 -1 38 -1 37 -1 38 -1 38 -1 37 -1 #SUP: 10
38 -1 38 -1 38 -1 38 -1 38 -1 38 -1 37 -1 37 -1 38 -1 37 -1 #SUP: 10
38 -1 38 -1 38 -1 38 -1 37 -1 37 -1 38 -1 38 -1 37 -1 #SUP: 10
38 -1 38 -1 38 -1 38 -1 37 -1 37 -1 37 -1 38 -1 38 -1 #SUP: 10
38 -1 38 -1 38 -1 38 -1 38 -1 38 -1 38 -1 38 -1 37 -1 37 -1 37 -1 #SUP: 9
38 -1 38 -1 38 -1 38 -1 38 -1 38 -1 37 -1 37 -1 37 -1 37 -1 #SUP: 9
38 -1 38 -1 38 -1 38 -1 37 -1 37 -1 37 -1 38 -1 38 -1 37 -1 #SUP: 9
40 -1 40 -1 37 -1 40 -1 40 -1 37 -1 37 -1 #SUP: 9
40 -1 40 -1 37 -1 37 -1 40 -1 37 -1 #SUP: 9
40 -1 37 -1 37 -1 40 -1 40 -1 37 -1 #SUP: 9
