1 -1 2 -1 1 -1 2 -1 2 -1 2 -1 2 -1 2 -1 2 -1 2 -1 2 -1 2 -1 2 -1 #SUP: 11
2 -1 1 -1 1 -1 2 -1 2 -1 2 -1 2 -1 2 -1 2 -1 2 -1 2 -1 2 -1 2 -1 #SUP: 11
2 -1 1 -1 2 -1 2 -1 1 -1 2 -1 2 -1 2 -1 2 -1 2 -1 2 -1 2 -1 2 -1 #SUP: 11
1 -1 2 -1 1 -1 2 -1 2 -1 2 -1 2 -1 2 -1 2 -1 1 -1 1 -1 2 -1 #SUP: 10
1 -1 2 -1 1 -1 2 -1 2 -1 2 -1 2 -1 2 -1 2 -1 2 -1 1 -1 2 -1 #SUP: 10
2 -1 1 -1 1 -1 2 -1 2 -1 2 -1 2 -1 2 -1 2 -1 1 -1 1 -1 2 -1 #SUP: 10
2 -1 1 -1 1 -1 2 -1 2 -1 2 -1 2 -1 2 -1 2 -1 2 -1 1 -1 2 -1 #SUP: 10
2 -1 1 -1 2 -1 2 -1 1 -1 2 -1 2 -1 2 -1 2 -1 1 -1 1 -1 2 -1 #SUP: 10
2 -1 1 -1 2 -1 2 -1 1 -1 2 -1 2 -1 2 -1 2 -1 2 -1 1 -1 2 -1 #SUP: 10
1 -1 4 -1 2 -1 1 -1 2 -1 2 -1 2 -1 #SUP: 10
1 -1 4 -1 2 -1 2 -1 1 -1 2 -1 2 -1 #SUP: 10
2 -1 1 -1 1 -1 2 -1 2 -1 2 -1 2 -1 2 -1 2 -1 2 -1 2 -1 2 -1 2 -1 2 -1 #SUP: 10
2 -1 1 -1 2 -1 1 -1 2 -1 2 -1 2 -1 2 -1 2 -1 2 -1 2 -1 2 -1 2 -1 2 -1 #SUP: 10
2 -1 1 -1 2 -1 2 -1 1 -1 2 -1 2 -1 2 -1 2 -1 2 -1 2 -1 2 -1 2 -1 2 -1 #SUP: 10
2 -1 1 -1 4 -1 2 -1 #SUP: 10
2 -1 2 -1 2 -1 2 -1 #SUP: 12
