1 -1 1 -1 #SUP: 307
1 -1 1 -1 2 -1 #SUP: 304
1 -1 1 -1 2 -1 2 -1 #SUP: 293
1 -1 1 -1 2 -1 2 -1 2 -1 #SUP: 290
1 -1 2 -1 #SUP: 305
1 -1 2 -1 2 -1 #SUP: 294
1 -1 2 -1 2 -1 2 -1 #SUP: 291
2 -1 2 -1 #SUP: 320
2 -1 1 -1 #SUP: 305
2 -1 1 -1 1 -1 #SUP: 301
2 -1 1 -1 1 -1 2 -1 #SUP: 297
2 -1 1 -1 1 -1 2 -1 2 -1 #SUP: 286
2 -1 1 -1 2 -1 #SUP: 302
2 -1 1 -1 2 -1 2 -1 #SUP: 291
2 -1 1 -1 2 -1 2 -1 2 -1 #SUP: 288
2 -1 2 -1 1 -1 #SUP: 295
2 -1 2 -1 1 -1 2 -1 #SUP: 291
2 -1 2 -1 2 -1 #SUP: 318
2 -1 2 -1 2 -1 1 -1 #SUP: 287
2 -1 2 -1 2 -1 2 -1 #SUP: 317
2 -1 2 -1 2 -1 2 -1 2 -1 #SUP: 308
2 -1 2 -1 2 -1 2 -1 2 -1 2 -1 #SUP: 307
2 -1 2 -1 2 -1 2 -1 2 -1 2 -1 2 -1 #SUP: 293
2 -1 2 -1 2 -1 2 -1 2 -1 2 -1 2 -1 2 -1 #SUP: 292
