37 -1 38 -1 37 -1 37 -1 38 -1 38 -1 10 -1 37 -1 #SUP: 19
37 -1 38 -1 37 -1 37 -1 38 -1 13 -1 37 -1 37 -1 38 -1 37 -1 #SUP: 19
37 -1 38 -1 37 -1 37 -1 37 -1 37 -1 37 -1 13 -1 37 -1 38 -1 37 -1 #SUP: 19
37 -1 38 -1 13 -1 37 -1 37 -1 37 -1 38 -1 13 -1 37 -1 #SUP: 19
37 -1 38 -1 13 -1 37 -1 37 -1 37 -1 37 -1 37 -1 37 -1 38 -1 37 -1 #SUP: 19
37 -1 38 -1 13 -1 37 -1 37 -1 37 -1 37 -1 37 -1 13 -1 37 -1 #SUP: 19
37 -1 38 -1 13 -1 37 -1 37 -1 37 -1 13 -1 37 -1 37 -1 38 -1 37 -1 #SUP: 19
38 -1 38 -1 13 -1 37 -1 37 -1 37 -1 38 -1 13 -1 37 -1 #SUP: 19
38 -1 38 -1 13 -1 37 -1 37 -1 37 -1 37 -1 37 -1 37 -1 38 -1 37 -1 #SUP: 19
38 -1 38 -1 13 -1 37 -1 37 -1 37 -1 37 -1 37 -1 13 -1 37 -1 #SUP: 19
38 -1 38 -1 13 -1 37 -1 37 -1 37 -1 13 -1 37 -1 37 -1 38 -1 37 -1 #SUP: 19
38 -1 37 -1 38 -1 38 -1 38 -1 10 -1 37 -1 #SUP: 19
38 -1 37 -1 38 -1 38 -1 13 -1 37 -1 37 -1 38 -1 37 -1 #SUP: 19
38 -1 37 -1 38 -1 37 -1 13 -1 37 -1 37 -1 38 -1 37 -1 #SUP: 19
38 -1 37 -1 38 -1 13 -1 37 -1 38 -1 13 -1 37 -1 #SUP: 19
38 -1 37 -1 38 -1 13 -1 37 -1 37 -1 37 -1 13 -1 37 -1 38 -1 37 -1 #SUP: 19
38 -1 37 -1 38 -1 13 -1 37 -1 13 -1 37 -1 37 -1 37 -1 #SUP: 19
38 -1 37 -1 13 -1 37 -1 37 -1 37 -1 37 -1 37 -1 38 -1 37 -1 #SUP: 19
38 -1 37 -1 13 -1 37 -1 37 -1 13 -1 37 -1 37 -1 38 -1 37 -1 #SUP: 19
38 -1 13 -1 37 -1 13 -1 37 -1 37 -1 38 -1 13 -1 37 -1 #SUP: 19
38 -1 13 -1 37 -1 13 -1 37 -1 37 -1 37 -1 37 -1 38 -1 37 -1 #SUP: 19
38 -1 13 -1 37 -1 13 -1 37 -1 37 -1 37 -1 37 -1 13 -1 37 -1 #SUP: 19
38 -1 13 -1 37 -1 13 -1 37 -1 13 -1 37 -1 37 -1 38 -1 37 -1 #SUP: 19
37 -1 13 -1 37 -1 37 -1 37 -1 37 -1 37 -1 #SUP: 20
37 -1 37 -1 37 -1 37 -1 37 -1 37 -1 #SUP: 21
37 -1 38 -1 37 -1 37 -1 38 -1 37 -1 37 -1 38 -1 37 -1 #SUP: 20
37 -1 38 -1 37 -1 37 -1 37 -1 37 -1 37 -1 37 -1 38 -1 37 -1 #SUP: 20
38 -1 38 -1 37 -1 37 -1 37 -1 37 -1 37 -1 37 -1 38 -1 37 -1 #SUP: 20
38 -1 37 -1 38 -1 38 -1 37 -1 37 -1 38 -1 37 -1 #SUP: 20
38 -1 37 -1 38 -1 37 -1 37 -1 37 -1 37 -1 38 -1 37 -1 #SUP: 20
37 -1 38 -1 38 -1 38 -1 38 -1 38 -1 38 -1 38 -1 38 -1 38 -1 38 -1 37 -1 38 -1 37 -1 #SUP: 19
37 -1 38 -1 38 -1 38 -1 38 -1 38 -1 38 -1 38 -1 38 -1 38 -1 38 -1 37 -1 37 -1 38 -1 #SUP: 19
37 -1 38 -1 38 -1 38 -1 38 -1 38 -1 38 -1 38 -1 38 -1 37 -1 37 -1 37 -1 38 -1 #SUP: 19
37 -1 38 -1 38 -1 38 -1 38 -1 38 -1 38 -1 38 -1 38 -1 37 -1 37 -1 37 -1 37 -1 #SUP: 19
37 -1 38 -1 38 -1 38 -1 38 -1 38 -1 38 -1 37 -1 37 -1 37 -1 37 -1 38 -1 #SUP: 19
37 -1 38 -1 38 -1 37 -1 37 -1 37 -1 37 -1 37 -1 37 -1 38 -1 37 -1 #SUP: 19
37 -1 38 -1 37 -1 37 -1 38 -1 38 -1 38 -1 38 -1 38 -1 38 -1 38 -1 38 -1 38 -1 38 -1 37 -1 #SUP: 19
37 -1 38 -1 37 -1 37 -1 38 -1 38 -1 38 -1 38 -1 38 -1 38 -1 38 -1 38 -1 37 -1 38 -1 37 -1 #SUP: 19
37 -1 38 -1 37 -1 37 -1 38 -1 38 -1 38 -1 38 -1 38 -1 38 -1 38 -1 38 -1 37 -1 37 -1 38 -1 #SUP: 19
37 -1 38 -1 37 -1 37 -1 38 -1 38 -1 38 -1 38 -1 38 -1 38 -1 38 -1 38 -1 37 -1 37 -1 37 -1 #SUP: 19
37 -1 38 -1 37 -1 37 -1 38 -1 38 -1 38 -1 38 -1 38 -1 38 -1 38 -1 37 -1 37 -1 38 -1 37 -1 #SUP: 19
37 -1 38 -1 37 -1 37 -1 38 -1 38 -1 38 -1 38 -1 38 -1 38 -1 37 -1 37 -1 37 -1 38 -1 #SUP: 19
37 -1 38 -1 37 -1 37 -1 38 -1 38 -1 38 -1 38 -1 38 -1 38 -1 37 -1 37 -1 37 -1 37 -1 #SUP: 19
37 -1 38 -1 37 -1 37 -1 38 -1 38 -1 38 -1 38 -1 37 -1 37 -1 37 -1 37 -1 38 -1 37 -1 #SUP: 19
37 -1 37 -1 38 -1 38 -1 38 -1 38 -1 38 -1 38 -1 38 -1 37 -1 37 -1 37 -1 38 -1 #SUP: 19
37 -1 37 -1 38 -1 38 -1 38 -1 38 -1 38 -1 38 -1 38 -1 37 -1 37 -1 37 -1 37 -1 #SUP: 19
38 -1 38 -1 38 -1 38 -1 38 -1 38 -1 38 -1 38 -1 38 -1 38 -1 37 -1 37 -1 37 -1 #SUP: 19
37 -1 38 -1 37 -1 37 -1 37 -1 38 -1 37 -1 37 -1 38 -1 37 -1 #SUP: 19
37 -1 38 -1 37 -1 37 -1 37 -1 37 -1 37 -1 37 -1 38 -1 38 -1 37 -1 #SUP: 19
38 -1 38 -1 37 -1 37 -1 37 -1 38 -1 37 -1 37 -1 38 -1 37 -1 #SUP: 19
38 -1 38 -1 37 -1 37 -1 37 -1 37 -1 37 -1 37 -1 38 -1 38 -1 37 -1 #SUP: 19
38 -1 37 -1 38 -1 37 -1 38 -1 37 -1 37 -1 38 -1 37 -1 #SUP: 19
38 -1 37 -1 38 -1 37 -1 37 -1 37 -1 37 -1 38 -1 38 -1 37 -1 #SUP: 19
37 -1 38 -1 37 -1 37 -1 37 -1 37 -1 37 -1 37 -1 37 -1 37 -1 38 -1 37 -1 #SUP: 19
38 -1 37 -1 38 -1 37 -1 37 -1 37 -1 37 -1 37 -1 37 -1 38 -1 37 -1 #SUP: 19
